# This file incorporates the tabulated CO2 partition-function data
# from Exomol

@ISOTOPES
            266            366            627            628          

# Temperature (K), partition function for each isotope:
@DATA
      5.0   4.6233703e+00  9.2463232e+00  5.7116938e+01  9.7792738e+00
     10.0   9.0743694e+00  1.8147904e+01  1.1216755e+02  1.9214478e+01
     15.0   1.3526721e+01  2.7052190e+01  1.6723393e+02  2.8652241e+01
     20.0   1.7979447e+01  3.5957222e+01  2.2230469e+02  3.8090722e+01
     25.0   2.2432353e+01  4.4862617e+01  2.7737761e+02  4.7529556e+01
     30.0   2.6885377e+01  5.3768247e+01  3.3245193e+02  5.6968625e+01
     35.0   3.1338491e+01  6.2674057e+01  3.8752734e+02  6.6407876e+01
     40.0   3.5791682e+01  7.1580020e+01  4.4260368e+02  7.5847285e+01
     45.0   4.0244942e+01  8.0486122e+01  4.9768086e+02  8.5286838e+01
     50.0   4.4698267e+01  8.9392355e+01  5.5275885e+02  9.4726525e+01
     55.0   4.9151656e+01  9.8298716e+01  6.0783762e+02  1.0416635e+02
     60.0   5.3605112e+01  1.0720522e+02  6.6291722e+02  1.1360631e+02
     65.0   5.8058649e+01  1.1611191e+02  7.1799784e+02  1.2304645e+02
     70.0   6.2512305e+01  1.2501888e+02  7.7307995e+02  1.3248686e+02
     75.0   6.6966153e+01  1.3392635e+02  8.2816453e+02  1.4192769e+02
     80.0   7.1420332e+01  1.4283467e+02  8.8325335e+02  1.5136928e+02
     85.0   7.5875065e+01  1.5174443e+02  9.3834926e+02  1.6081212e+02
     90.0   8.0330691e+01  1.6065647e+02  9.9345661e+02  1.7025699e+02
     95.0   8.4787690e+01  1.6957198e+02  1.0485815e+03  1.7970495e+02
    100.0   8.9246702e+01  1.7849252e+02  1.1037321e+03  1.8915744e+02
    105.0   9.3708549e+01  1.8742006e+02  1.1589188e+03  1.9861628e+02
    110.0   9.8174241e+01  1.9635698e+02  1.2141544e+03  2.0808371e+02
    115.0   1.0264498e+02  2.0530607e+02  1.2694541e+03  2.1756240e+02
    120.0   1.0712216e+02  2.1427055e+02  1.3248355e+03  2.2705540e+02
    125.0   1.1160735e+02  2.2325400e+02  1.3803184e+03  2.3656617e+02
    130.0   1.1610231e+02  2.3226036e+02  1.4359248e+03  2.4609855e+02
    135.0   1.2060893e+02  2.4129386e+02  1.4916787e+03  2.5565668e+02
    140.0   1.2512925e+02  2.5035901e+02  1.5476055e+03  2.6524501e+02
    145.0   1.2966543e+02  2.5946055e+02  1.6037324e+03  2.7486825e+02
    150.0   1.3421973e+02  2.6860340e+02  1.6600877e+03  2.8453129e+02
    155.0   1.3879448e+02  2.7779260e+02  1.7167006e+03  2.9423921e+02
    160.0   1.4339208e+02  2.8703331e+02  1.7736012e+03  3.0399721e+02
    165.0   1.4801498e+02  2.9633075e+02  1.8308199e+03  3.1381059e+02
    170.0   1.5266565e+02  3.0569017e+02  1.8883879e+03  3.2368469e+02
    175.0   1.5734659e+02  3.1511684e+02  1.9463362e+03  3.3362492e+02
    180.0   1.6206029e+02  3.2461601e+02  2.0046960e+03  3.4363667e+02
    185.0   1.6680925e+02  3.3419289e+02  2.0634985e+03  3.5372532e+02
    190.0   1.7159593e+02  3.4385264e+02  2.1227746e+03  3.6389621e+02
    195.0   1.7642281e+02  3.5360037e+02  2.1825549e+03  3.7415466e+02
    200.0   1.8129230e+02  3.6344110e+02  2.2428698e+03  3.8450590e+02
    205.0   1.8620681e+02  3.7337977e+02  2.3037492e+03  3.9495510e+02
    210.0   1.9116870e+02  3.8342124e+02  2.3652225e+03  4.0550737e+02
    215.0   1.9618028e+02  3.9357027e+02  2.4273189e+03  4.1616772e+02
    220.0   2.0124385e+02  4.0383156e+02  2.4900668e+03  4.2694108e+02
    225.0   2.0636164e+02  4.1420967e+02  2.5534942e+03  4.3783230e+02
    230.0   2.1153587e+02  4.2470911e+02  2.6176287e+03  4.4884615e+02
    235.0   2.1676870e+02  4.3533429e+02  2.6824973e+03  4.5998729e+02
    240.0   2.2206224e+02  4.4608951e+02  2.7481265e+03  4.7126032e+02
    245.0   2.2741859e+02  4.5697902e+02  2.8145424e+03  4.8266974e+02
    250.0   2.3283978e+02  4.6800698e+02  2.8817706e+03  4.9422000e+02
    255.0   2.3832783e+02  4.7917746e+02  2.9498361e+03  5.0591542e+02
    260.0   2.4388472e+02  4.9049447e+02  3.0187637e+03  5.1776031e+02
    265.0   2.4951238e+02  5.0196196e+02  3.0885776e+03  5.2975886e+02
    270.0   2.5521273e+02  5.1358380e+02  3.1593019e+03  5.4191522e+02
    275.0   2.6098764e+02  5.2536380e+02  3.2309600e+03  5.5423348e+02
    280.0   2.6683897e+02  5.3730574e+02  3.3035751e+03  5.6671764e+02
    285.0   2.7276855e+02  5.4941332e+02  3.3771702e+03  5.7937170e+02
    290.0   2.7877818e+02  5.6169020e+02  3.4517677e+03  5.9219955e+02
    295.0   2.8486963e+02  5.7414002e+02  3.5273901e+03  6.0520508e+02
    300.0   2.9104468e+02  5.8676634e+02  3.6040594e+03  6.1839211e+02
    305.0   2.9730505e+02  5.9957272e+02  3.6817973e+03  6.3176443e+02
    310.0   3.0365248e+02  6.1256267e+02  3.7606256e+03  6.4532580e+02
    315.0   3.1008866e+02  6.2573968e+02  3.8405656e+03  6.5907993e+02
    320.0   3.1661530e+02  6.3910721e+02  3.9216386e+03  6.7303052e+02
    325.0   3.2323407e+02  6.5266869e+02  4.0038657e+03  6.8718123e+02
    330.0   3.2994665e+02  6.6642755e+02  4.0872678e+03  7.0153570e+02
    335.0   3.3675468e+02  6.8038718e+02  4.1718658e+03  7.1609754e+02
    340.0   3.4365983e+02  6.9455098e+02  4.2576803e+03  7.3087037e+02
    345.0   3.5066373e+02  7.0892232e+02  4.3447321e+03  7.4585777e+02
    350.0   3.5776802e+02  7.2350457e+02  4.4330416e+03  7.6106331e+02
    355.0   3.6497433e+02  7.3830109e+02  4.5226293e+03  7.7649055e+02
    360.0   3.7228428e+02  7.5331523e+02  4.6135158e+03  7.9214305e+02
    365.0   3.7969951e+02  7.6855035e+02  4.7057213e+03  8.0802436e+02
    370.0   3.8722162e+02  7.8400979e+02  4.7992662e+03  8.2413802e+02
    375.0   3.9485225e+02  7.9969692e+02  4.8941710e+03  8.4048757e+02
    380.0   4.0259300e+02  8.1561508e+02  4.9904560e+03  8.5707655e+02
    385.0   4.1044550e+02  8.3176763e+02  5.0881414e+03  8.7390851e+02
    390.0   4.1841136e+02  8.4815794e+02  5.1872477e+03  8.9098699e+02
    395.0   4.2649221e+02  8.6478939e+02  5.2877953e+03  9.0831553e+02
    400.0   4.3468967e+02  8.8166534e+02  5.3898046e+03  9.2589770e+02
    405.0   4.4300537e+02  8.9878920e+02  5.4932961e+03  9.4373705e+02
    410.0   4.5144094e+02  9.1616435e+02  5.5982902e+03  9.6183716e+02
    415.0   4.5999801e+02  9.3379422e+02  5.7048076e+03  9.8020161e+02
    420.0   4.6867822e+02  9.5168223e+02  5.8128688e+03  9.9883398e+02
    425.0   4.7748322e+02  9.6983183e+02  5.9224946e+03  1.0177379e+03
    430.0   4.8641466e+02  9.8824645e+02  6.0337057e+03  1.0369169e+03
    435.0   4.9547419e+02  1.0069296e+03  6.1465230e+03  1.0563748e+03
    440.0   5.0466348e+02  1.0258847e+03  6.2609674e+03  1.0761150e+03
    445.0   5.1398419e+02  1.0451153e+03  6.3770600e+03  1.0961414e+03
    450.0   5.2343802e+02  1.0646250e+03  6.4948218e+03  1.1164575e+03
    455.0   5.3302663e+02  1.0844172e+03  6.6142742e+03  1.1370670e+03
    460.0   5.4275173e+02  1.1044956e+03  6.7354383e+03  1.1579738e+03
    465.0   5.5261503e+02  1.1248636e+03  6.8583357e+03  1.1791814e+03
    470.0   5.6261822e+02  1.1455250e+03  6.9829880e+03  1.2006938e+03
    475.0   5.7276304e+02  1.1664833e+03  7.1094167e+03  1.2225145e+03
    480.0   5.8305121e+02  1.1877423e+03  7.2376438e+03  1.2446475e+03
    485.0   5.9348448e+02  1.2093055e+03  7.3676911e+03  1.2670966e+03
    490.0   6.0406460e+02  1.2311766e+03  7.4995806e+03  1.2898656e+03
    495.0   6.1479333e+02  1.2533595e+03  7.6333347e+03  1.3129583e+03
    500.0   6.2567243e+02  1.2758577e+03  7.7689755e+03  1.3363787e+03
    505.0   6.3670371e+02  1.2986752e+03  7.9065256e+03  1.3601307e+03
    510.0   6.4788894e+02  1.3218157e+03  8.0460075e+03  1.3842182e+03
    515.0   6.5922994e+02  1.3452830e+03  8.1874441e+03  1.4086452e+03
    520.0   6.7072853e+02  1.3690809e+03  8.3308581e+03  1.4334156e+03
    525.0   6.8238653e+02  1.3932134e+03  8.4762728e+03  1.4585336e+03
    530.0   6.9420578e+02  1.4176843e+03  8.6237111e+03  1.4840030e+03
    535.0   7.0618815e+02  1.4424976e+03  8.7731966e+03  1.5098281e+03
    540.0   7.1833548e+02  1.4676572e+03  8.9247527e+03  1.5360128e+03
    545.0   7.3064968e+02  1.4931671e+03  9.0784031e+03  1.5625614e+03
    550.0   7.4313262e+02  1.5190313e+03  9.2341716e+03  1.5894780e+03
    555.0   7.5578621e+02  1.5452538e+03  9.3920822e+03  1.6167667e+03
    560.0   7.6861237e+02  1.5718388e+03  9.5521592e+03  1.6444318e+03
    565.0   7.8161302e+02  1.5987903e+03  9.7144267e+03  1.6724775e+03
    570.0   7.9479013e+02  1.6261124e+03  9.8789094e+03  1.7009080e+03
    575.0   8.0814563e+02  1.6538093e+03  1.0045632e+04  1.7297278e+03
    580.0   8.2168150e+02  1.6818852e+03  1.0214619e+04  1.7589411e+03
    585.0   8.3539973e+02  1.7103444e+03  1.0385896e+04  1.7885523e+03
    590.0   8.4930232e+02  1.7391910e+03  1.0559487e+04  1.8185657e+03
    595.0   8.6339127e+02  1.7684293e+03  1.0735419e+04  1.8489858e+03
    600.0   8.7766863e+02  1.7980636e+03  1.0913716e+04  1.8798171e+03
    605.0   8.9213642e+02  1.8280984e+03  1.1094405e+04  1.9110640e+03
    610.0   9.0679670e+02  1.8585379e+03  1.1277512e+04  1.9427311e+03
    615.0   9.2165154e+02  1.8893865e+03  1.1463061e+04  1.9748228e+03
    620.0   9.3670304e+02  1.9206488e+03  1.1651081e+04  2.0073439e+03
    625.0   9.5195328e+02  1.9523291e+03  1.1841597e+04  2.0402989e+03
    630.0   9.6740438e+02  1.9844320e+03  1.2034636e+04  2.0736924e+03
    635.0   9.8305847e+02  2.0169619e+03  1.2230224e+04  2.1075291e+03
    640.0   9.9891770e+02  2.0499235e+03  1.2428389e+04  2.1418138e+03
    645.0   1.0149842e+03  2.0833214e+03  1.2629158e+04  2.1765512e+03
    650.0   1.0312602e+03  2.1171602e+03  1.2832559e+04  2.2117461e+03
    655.0   1.0477478e+03  2.1514445e+03  1.3038618e+04  2.2474032e+03
    660.0   1.0644494e+03  2.1861790e+03  1.3247365e+04  2.2835275e+03
    665.0   1.0813669e+03  2.2213685e+03  1.3458826e+04  2.3201238e+03
    670.0   1.0985029e+03  2.2570178e+03  1.3673030e+04  2.3571971e+03
    675.0   1.1158593e+03  2.2931316e+03  1.3890005e+04  2.3947523e+03
    680.0   1.1334386e+03  2.3297148e+03  1.4109781e+04  2.4327943e+03
    685.0   1.1512431e+03  2.3667722e+03  1.4332385e+04  2.4713283e+03
    690.0   1.1692749e+03  2.4043087e+03  1.4557847e+04  2.5103592e+03
    695.0   1.1875365e+03  2.4423293e+03  1.4786196e+04  2.5498922e+03
    700.0   1.2060302e+03  2.4808389e+03  1.5017461e+04  2.5899323e+03
    705.0   1.2247582e+03  2.5198426e+03  1.5251672e+04  2.6304848e+03
    710.0   1.2437231e+03  2.5593454e+03  1.5488859e+04  2.6715549e+03
    715.0   1.2629271e+03  2.5993523e+03  1.5729052e+04  2.7131477e+03
    720.0   1.2823726e+03  2.6398685e+03  1.5972280e+04  2.7552686e+03
    725.0   1.3020621e+03  2.6808991e+03  1.6218575e+04  2.7979229e+03
    730.0   1.3219980e+03  2.7224493e+03  1.6467967e+04  2.8411159e+03
    735.0   1.3421827e+03  2.7645243e+03  1.6720487e+04  2.8848530e+03
    740.0   1.3626187e+03  2.8071294e+03  1.6976166e+04  2.9291396e+03
    745.0   1.3833085e+03  2.8502698e+03  1.7235035e+04  2.9739812e+03
    750.0   1.4042546e+03  2.8939509e+03  1.7497126e+04  3.0193832e+03
    755.0   1.4254595e+03  2.9381780e+03  1.7762470e+04  3.0653512e+03
    760.0   1.4469256e+03  2.9829566e+03  1.8031099e+04  3.1118908e+03
    765.0   1.4686556e+03  3.0282920e+03  1.8303046e+04  3.1590076e+03
    770.0   1.4906521e+03  3.0741898e+03  1.8578342e+04  3.2067072e+03
    775.0   1.5129175e+03  3.1206555e+03  1.8857020e+04  3.2549953e+03
    780.0   1.5354545e+03  3.1676945e+03  1.9139114e+04  3.3038776e+03
    785.0   1.5582657e+03  3.2153125e+03  1.9424656e+04  3.3533598e+03
    790.0   1.5813538e+03  3.2635151e+03  1.9713679e+04  3.4034479e+03
    795.0   1.6047214e+03  3.3123080e+03  2.0006216e+04  3.4541475e+03
    800.0   1.6283711e+03  3.3616968e+03  2.0302302e+04  3.5054647e+03
    805.0   1.6523057e+03  3.4116873e+03  2.0601970e+04  3.5574052e+03
    810.0   1.6765278e+03  3.4622852e+03  2.0905254e+04  3.6099750e+03
    815.0   1.7010402e+03  3.5134965e+03  2.1212189e+04  3.6631802e+03
    820.0   1.7258456e+03  3.5653268e+03  2.1522809e+04  3.7170268e+03
    825.0   1.7509467e+03  3.6177821e+03  2.1837149e+04  3.7715208e+03
    830.0   1.7763464e+03  3.6708684e+03  2.2155244e+04  3.8266684e+03
    835.0   1.8020474e+03  3.7245915e+03  2.2477129e+04  3.8824756e+03
    840.0   1.8280525e+03  3.7789576e+03  2.2802840e+04  3.9389488e+03
    845.0   1.8543646e+03  3.8339726e+03  2.3132411e+04  3.9960941e+03
    850.0   1.8809865e+03  3.8896425e+03  2.3465880e+04  4.0539177e+03
    855.0   1.9079210e+03  3.9459737e+03  2.3803283e+04  4.1124260e+03
    860.0   1.9351711e+03  4.0029721e+03  2.4144655e+04  4.1716254e+03
    865.0   1.9627396e+03  4.0606440e+03  2.4490033e+04  4.2315223e+03
    870.0   1.9906295e+03  4.1189956e+03  2.4839454e+04  4.2921230e+03
    875.0   2.0188437e+03  4.1780333e+03  2.5192956e+04  4.3534340e+03
    880.0   2.0473851e+03  4.2377632e+03  2.5550575e+04  4.4154619e+03
    885.0   2.0762568e+03  4.2981919e+03  2.5912349e+04  4.4782133e+03
    890.0   2.1054617e+03  4.3593256e+03  2.6278316e+04  4.5416946e+03
    895.0   2.1350028e+03  4.4211709e+03  2.6648514e+04  4.6059126e+03
    900.0   2.1648832e+03  4.4837342e+03  2.7022981e+04  4.6708739e+03
    905.0   2.1951059e+03  4.5470219e+03  2.7401755e+04  4.7365853e+03
    910.0   2.2256740e+03  4.6110408e+03  2.7784876e+04  4.8030535e+03
    915.0   2.2565906e+03  4.6757974e+03  2.8172382e+04  4.8702853e+03
    920.0   2.2878587e+03  4.7412983e+03  2.8564313e+04  4.9382877e+03
    925.0   2.3194815e+03  4.8075502e+03  2.8960707e+04  5.0070673e+03
    930.0   2.3514622e+03  4.8745598e+03  2.9361606e+04  5.0766313e+03
    935.0   2.3838039e+03  4.9423340e+03  2.9767047e+04  5.1469866e+03
    940.0   2.4165097e+03  5.0108795e+03  3.0177073e+04  5.2181401e+03
    945.0   2.4495830e+03  5.0802031e+03  3.0591723e+04  5.2900990e+03
    950.0   2.4830268e+03  5.1503119e+03  3.1011038e+04  5.3628704e+03
    955.0   2.5168445e+03  5.2212126e+03  3.1435058e+04  5.4364614e+03
    960.0   2.5510394e+03  5.2929123e+03  3.1863826e+04  5.5108793e+03
    965.0   2.5856146e+03  5.3654180e+03  3.2297382e+04  5.5861311e+03
    970.0   2.6205735e+03  5.4387368e+03  3.2735768e+04  5.6622243e+03
    975.0   2.6559194e+03  5.5128757e+03  3.3179026e+04  5.7391661e+03
    980.0   2.6916557e+03  5.5878419e+03  3.3627199e+04  5.8169640e+03
    985.0   2.7277857e+03  5.6636427e+03  3.4080328e+04  5.8956253e+03
    990.0   2.7643128e+03  5.7402852e+03  3.4538456e+04  5.9751575e+03
    995.0   2.8012403e+03  5.8177767e+03  3.5001627e+04  6.0555680e+03
   1000.0   2.8385718e+03  5.8961246e+03  3.5469883e+04  6.1368646e+03
   1005.0   2.8763107e+03  5.9753361e+03  3.5943268e+04  6.2190546e+03
   1010.0   2.9144603e+03  6.0554188e+03  3.6421826e+04  6.3021458e+03
   1015.0   2.9530243e+03  6.1363800e+03  3.6905600e+04  6.3861458e+03
   1020.0   2.9920060e+03  6.2182274e+03  3.7394636e+04  6.4710624e+03
   1025.0   3.0314091e+03  6.3009683e+03  3.7888976e+04  6.5569034e+03
   1030.0   3.0712370e+03  6.3846104e+03  3.8388666e+04  6.6436765e+03
   1035.0   3.1114933e+03  6.4691613e+03  3.8893752e+04  6.7313897e+03
   1040.0   3.1521817e+03  6.5546287e+03  3.9404278e+04  6.8200507e+03
   1045.0   3.1933056e+03  6.6410204e+03  3.9920289e+04  6.9096677e+03
   1050.0   3.2348688e+03  6.7283440e+03  4.0441832e+04  7.0002485e+03
   1055.0   3.2768749e+03  6.8166074e+03  4.0968953e+04  7.0918013e+03
   1060.0   3.3193275e+03  6.9058184e+03  4.1501698e+04  7.1843341e+03
   1065.0   3.3622303e+03  6.9959850e+03  4.2040113e+04  7.2778551e+03
   1070.0   3.4055871e+03  7.0871150e+03  4.2584246e+04  7.3723724e+03
   1075.0   3.4494015e+03  7.1792165e+03  4.3134143e+04  7.4678943e+03
   1080.0   3.4936773e+03  7.2722976e+03  4.3689852e+04  7.5644291e+03
   1085.0   3.5384184e+03  7.3663662e+03  4.4251420e+04  7.6619851e+03
   1090.0   3.5836284e+03  7.4614305e+03  4.4818896e+04  7.7605706e+03
   1095.0   3.6293112e+03  7.5574987e+03  4.5392328e+04  7.8601941e+03
   1100.0   3.6754707e+03  7.6545791e+03  4.5971764e+04  7.9608642e+03
   1105.0   3.7221107e+03  7.7526798e+03  4.6557253e+04  8.0625892e+03
   1110.0   3.7692350e+03  7.8518092e+03  4.7148843e+04  8.1653777e+03
   1115.0   3.8168476e+03  7.9519757e+03  4.7746585e+04  8.2692384e+03
   1120.0   3.8649524e+03  8.0531876e+03  4.8350528e+04  8.3741799e+03
   1125.0   3.9135533e+03  8.1554534e+03  4.8960721e+04  8.4802110e+03
   1130.0   3.9626543e+03  8.2587817e+03  4.9577214e+04  8.5873404e+03
   1135.0   4.0122594e+03  8.3631809e+03  5.0200059e+04  8.6955768e+03
   1140.0   4.0623727e+03  8.4686596e+03  5.0829306e+04  8.8049293e+03
   1145.0   4.1129980e+03  8.5752266e+03  5.1465005e+04  8.9154066e+03
   1150.0   4.1641396e+03  8.6828905e+03  5.2107208e+04  9.0270177e+03
   1155.0   4.2158014e+03  8.7916600e+03  5.2755967e+04  9.1397716e+03
   1160.0   4.2679876e+03  8.9015439e+03  5.3411333e+04  9.2536774e+03
   1165.0   4.3207022e+03  9.0125511e+03  5.4073358e+04  9.3687442e+03
   1170.0   4.3739495e+03  9.1246904e+03  5.4742095e+04  9.4849812e+03
   1175.0   4.4277336e+03  9.2379708e+03  5.5417596e+04  9.6023975e+03
   1180.0   4.4820586e+03  9.3524013e+03  5.6099914e+04  9.7210023e+03
   1185.0   4.5369289e+03  9.4679908e+03  5.6789103e+04  9.8408051e+03
   1190.0   4.5923486e+03  9.5847485e+03  5.7485216e+04  9.9618151e+03
   1195.0   4.6483219e+03  9.7026835e+03  5.8188306e+04  1.0084042e+04
   1200.0   4.7048532e+03  9.8218050e+03  5.8898428e+04  1.0207494e+04
   1205.0   4.7619468e+03  9.9421221e+03  5.9615637e+04  1.0332183e+04
   1210.0   4.8196070e+03  1.0063644e+04  6.0339986e+04  1.0458116e+04
   1215.0   4.8778381e+03  1.0186381e+04  6.1071531e+04  1.0585305e+04
   1220.0   4.9366445e+03  1.0310341e+04  6.1810327e+04  1.0713757e+04
   1225.0   4.9960306e+03  1.0435534e+04  6.2556430e+04  1.0843484e+04
   1230.0   5.0560008e+03  1.0561970e+04  6.3309895e+04  1.0974495e+04
   1235.0   5.1165596e+03  1.0689658e+04  6.4070779e+04  1.1106800e+04
   1240.0   5.1777114e+03  1.0818607e+04  6.4839138e+04  1.1240408e+04
   1245.0   5.2394607e+03  1.0948828e+04  6.5615028e+04  1.1375329e+04
   1250.0   5.3018120e+03  1.1080330e+04  6.6398507e+04  1.1511574e+04
   1255.0   5.3647698e+03  1.1213123e+04  6.7189632e+04  1.1649153e+04
   1260.0   5.4283388e+03  1.1347216e+04  6.7988460e+04  1.1788075e+04
   1265.0   5.4925235e+03  1.1482619e+04  6.8795050e+04  1.1928351e+04
   1270.0   5.5573284e+03  1.1619343e+04  6.9609460e+04  1.2069990e+04
   1275.0   5.6227583e+03  1.1757397e+04  7.0431748e+04  1.2213004e+04
   1280.0   5.6888178e+03  1.1896790e+04  7.1261973e+04  1.2357402e+04
   1285.0   5.7555115e+03  1.2037534e+04  7.2100195e+04  1.2503195e+04
   1290.0   5.8228442e+03  1.2179639e+04  7.2946472e+04  1.2650393e+04
   1295.0   5.8908205e+03  1.2323113e+04  7.3800864e+04  1.2799006e+04
   1300.0   5.9594453e+03  1.2467969e+04  7.4663432e+04  1.2949046e+04
   1305.0   6.0287233e+03  1.2614215e+04  7.5534235e+04  1.3100522e+04
   1310.0   6.0986592e+03  1.2761862e+04  7.6413335e+04  1.3253445e+04
   1315.0   6.1692580e+03  1.2910921e+04  7.7300792e+04  1.3407826e+04
   1320.0   6.2405245e+03  1.3061402e+04  7.8196667e+04  1.3563676e+04
   1325.0   6.3124635e+03  1.3213315e+04  7.9101023e+04  1.3721005e+04
   1330.0   6.3850799e+03  1.3366671e+04  8.0013921e+04  1.3879825e+04
   1335.0   6.4583787e+03  1.3521480e+04  8.0935423e+04  1.4040145e+04
   1340.0   6.5323648e+03  1.3677753e+04  8.1865592e+04  1.4201977e+04
   1345.0   6.6070431e+03  1.3835501e+04  8.2804490e+04  1.4365333e+04
   1350.0   6.6824187e+03  1.3994735e+04  8.3752182e+04  1.4530222e+04
   1355.0   6.7584966e+03  1.4155464e+04  8.4708729e+04  1.4696657e+04
   1360.0   6.8352818e+03  1.4317701e+04  8.5674197e+04  1.4864647e+04
   1365.0   6.9127794e+03  1.4481456e+04  8.6648648e+04  1.5034206e+04
   1370.0   6.9909945e+03  1.4646739e+04  8.7632148e+04  1.5205343e+04
   1375.0   7.0699322e+03  1.4813563e+04  8.8624762e+04  1.5378070e+04
   1380.0   7.1495977e+03  1.4981937e+04  8.9626553e+04  1.5552398e+04
   1385.0   7.2299961e+03  1.5151873e+04  9.0637588e+04  1.5728340e+04
   1390.0   7.3111326e+03  1.5323383e+04  9.1657933e+04  1.5905905e+04
   1395.0   7.3930124e+03  1.5496477e+04  9.2687653e+04  1.6085107e+04
   1400.0   7.4756408e+03  1.5671166e+04  9.3726815e+04  1.6265956e+04
   1405.0   7.5590231e+03  1.5847463e+04  9.4775485e+04  1.6448465e+04
   1410.0   7.6431645e+03  1.6025378e+04  9.5833730e+04  1.6632644e+04
   1415.0   7.7280704e+03  1.6204923e+04  9.6901618e+04  1.6818506e+04
   1420.0   7.8137462e+03  1.6386109e+04  9.7979216e+04  1.7006063e+04
   1425.0   7.9001971e+03  1.6568947e+04  9.9066593e+04  1.7195326e+04
   1430.0   7.9874287e+03  1.6753451e+04  1.0016382e+05  1.7386307e+04
   1435.0   8.0754462e+03  1.6939630e+04  1.0127095e+05  1.7579019e+04
   1440.0   8.1642553e+03  1.7127498e+04  1.0238808e+05  1.7773473e+04
   1445.0   8.2538613e+03  1.7317064e+04  1.0351525e+05  1.7969681e+04
   1450.0   8.3442698e+03  1.7508343e+04  1.0465255e+05  1.8167657e+04
   1455.0   8.4354863e+03  1.7701344e+04  1.0580005e+05  1.8367411e+04
   1460.0   8.5275164e+03  1.7896081e+04  1.0695780e+05  1.8568957e+04
   1465.0   8.6203656e+03  1.8092565e+04  1.0812589e+05  1.8772306e+04
   1470.0   8.7140396e+03  1.8290809e+04  1.0930439e+05  1.8977471e+04
   1475.0   8.8085440e+03  1.8490824e+04  1.1049336e+05  1.9184465e+04
   1480.0   8.9038844e+03  1.8692622e+04  1.1169288e+05  1.9393299e+04
   1485.0   9.0000666e+03  1.8896217e+04  1.1290301e+05  1.9603988e+04
   1490.0   9.0970962e+03  1.9101619e+04  1.1412385e+05  1.9816542e+04
   1495.0   9.1949791e+03  1.9308842e+04  1.1535544e+05  2.0030976e+04
   1500.0   9.2937210e+03  1.9517898e+04  1.1659787e+05  2.0247301e+04
   1505.0   9.3933276e+03  1.9728800e+04  1.1785122e+05  2.0465531e+04
   1510.0   9.4938049e+03  1.9941559e+04  1.1911555e+05  2.0685679e+04
   1515.0   9.5951586e+03  2.0156189e+04  1.2039094e+05  2.0907757e+04
   1520.0   9.6973947e+03  2.0372701e+04  1.2167746e+05  2.1131778e+04
   1525.0   9.8005190e+03  2.0591110e+04  1.2297519e+05  2.1357756e+04
   1530.0   9.9045375e+03  2.0811427e+04  1.2428420e+05  2.1585703e+04
   1535.0   1.0009456e+04  2.1033666e+04  1.2560457e+05  2.1815634e+04
   1540.0   1.0115281e+04  2.1257838e+04  1.2693638e+05  2.2047560e+04
   1545.0   1.0222018e+04  2.1483958e+04  1.2827970e+05  2.2281496e+04
   1550.0   1.0329673e+04  2.1712039e+04  1.2963460e+05  2.2517455e+04
   1555.0   1.0438253e+04  2.1942092e+04  1.3100116e+05  2.2755450e+04
   1560.0   1.0547762e+04  2.2174132e+04  1.3237947e+05  2.2995494e+04
   1565.0   1.0658209e+04  2.2408171e+04  1.3376960e+05  2.3237602e+04
   1570.0   1.0769598e+04  2.2644223e+04  1.3517162e+05  2.3481787e+04
   1575.0   1.0881936e+04  2.2882302e+04  1.3658561e+05  2.3728062e+04
   1580.0   1.0995229e+04  2.3122419e+04  1.3801166e+05  2.3976442e+04
   1585.0   1.1109483e+04  2.3364590e+04  1.3944984e+05  2.4226940e+04
   1590.0   1.1224705e+04  2.3608827e+04  1.4090024e+05  2.4479570e+04
   1595.0   1.1340901e+04  2.3855144e+04  1.4236292e+05  2.4734347e+04
   1600.0   1.1458076e+04  2.4103554e+04  1.4383797e+05  2.4991283e+04
   1605.0   1.1576239e+04  2.4354072e+04  1.4532548e+05  2.5250393e+04
   1610.0   1.1695394e+04  2.4606710e+04  1.4682551e+05  2.5511691e+04
   1615.0   1.1815549e+04  2.4861483e+04  1.4833816e+05  2.5775192e+04
   1620.0   1.1936710e+04  2.5118405e+04  1.4986351e+05  2.6040909e+04
   1625.0   1.2058882e+04  2.5377489e+04  1.5140163e+05  2.6308857e+04
   1630.0   1.2182074e+04  2.5638750e+04  1.5295261e+05  2.6579051e+04
   1635.0   1.2306291e+04  2.5902201e+04  1.5451653e+05  2.6851504e+04
   1640.0   1.2431539e+04  2.6167856e+04  1.5609347e+05  2.7126232e+04
   1645.0   1.2557827e+04  2.6435731e+04  1.5768353e+05  2.7403248e+04
   1650.0   1.2685159e+04  2.6705838e+04  1.5928677e+05  2.7682568e+04
   1655.0   1.2813543e+04  2.6978192e+04  1.6090329e+05  2.7964207e+04
   1660.0   1.2942985e+04  2.7252808e+04  1.6253316e+05  2.8248178e+04
   1665.0   1.3073492e+04  2.7529701e+04  1.6417648e+05  2.8534497e+04
   1670.0   1.3205071e+04  2.7808883e+04  1.6583334e+05  2.8823178e+04
   1675.0   1.3337729e+04  2.8090371e+04  1.6750380e+05  2.9114238e+04
   1680.0   1.3471471e+04  2.8374178e+04  1.6918797e+05  2.9407690e+04
   1685.0   1.3606307e+04  2.8660320e+04  1.7088592e+05  2.9703550e+04
   1690.0   1.3742241e+04  2.8948811e+04  1.7259775e+05  3.0001833e+04
   1695.0   1.3879281e+04  2.9239665e+04  1.7432353e+05  3.0302554e+04
   1700.0   1.4017433e+04  2.9532898e+04  1.7606337e+05  3.0605728e+04
   1705.0   1.4156706e+04  2.9828525e+04  1.7781734e+05  3.0911371e+04
   1710.0   1.4297105e+04  3.0126561e+04  1.7958553e+05  3.1219499e+04
   1715.0   1.4438638e+04  3.0427020e+04  1.8136804e+05  3.1530126e+04
   1720.0   1.4581312e+04  3.0729918e+04  1.8316495e+05  3.1843269e+04
   1725.0   1.4725133e+04  3.1035271e+04  1.8497634e+05  3.2158942e+04
   1730.0   1.4870109e+04  3.1343092e+04  1.8680232e+05  3.2477163e+04
   1735.0   1.5016248e+04  3.1653398e+04  1.8864297e+05  3.2797945e+04
   1740.0   1.5163555e+04  3.1966204e+04  1.9049838e+05  3.3121306e+04
   1745.0   1.5312039e+04  3.2281525e+04  1.9236864e+05  3.3447261e+04
   1750.0   1.5461706e+04  3.2599378e+04  1.9425385e+05  3.3775826e+04
   1755.0   1.5612564e+04  3.2919777e+04  1.9615408e+05  3.4107017e+04
   1760.0   1.5764620e+04  3.3242738e+04  1.9806945e+05  3.4440850e+04
   1765.0   1.5917882e+04  3.3568277e+04  2.0000003e+05  3.4777342e+04
   1770.0   1.6072356e+04  3.3896409e+04  2.0194592e+05  3.5116508e+04
   1775.0   1.6228051e+04  3.4227151e+04  2.0390722e+05  3.5458366e+04
   1780.0   1.6384972e+04  3.4560519e+04  2.0588402e+05  3.5802930e+04
   1785.0   1.6543129e+04  3.4896528e+04  2.0787641e+05  3.6150218e+04
   1790.0   1.6702528e+04  3.5235195e+04  2.0988448e+05  3.6500247e+04
   1795.0   1.6863177e+04  3.5576535e+04  2.1190834e+05  3.6853032e+04
   1800.0   1.7025083e+04  3.5920565e+04  2.1394807e+05  3.7208591e+04
   1805.0   1.7188254e+04  3.6267301e+04  2.1600378e+05  3.7566940e+04
   1810.0   1.7352698e+04  3.6616759e+04  2.1807555e+05  3.7928096e+04
   1815.0   1.7518421e+04  3.6968956e+04  2.2016348e+05  3.8292076e+04
   1820.0   1.7685433e+04  3.7323909e+04  2.2226768e+05  3.8658896e+04
   1825.0   1.7853740e+04  3.7681633e+04  2.2438823e+05  3.9028574e+04
   1830.0   1.8023350e+04  3.8042145e+04  2.2652524e+05  3.9401127e+04
   1835.0   1.8194270e+04  3.8405462e+04  2.2867881e+05  3.9776573e+04
   1840.0   1.8366510e+04  3.8771602e+04  2.3084902e+05  4.0154927e+04
   1845.0   1.8540076e+04  3.9140579e+04  2.3303598e+05  4.0536207e+04
   1850.0   1.8714976e+04  3.9512412e+04  2.3523980e+05  4.0920432e+04
   1855.0   1.8891219e+04  3.9887118e+04  2.3746056e+05  4.1307618e+04
   1860.0   1.9068811e+04  4.0264713e+04  2.3969837e+05  4.1697782e+04
   1865.0   1.9247762e+04  4.0645214e+04  2.4195333e+05  4.2090943e+04
   1870.0   1.9428079e+04  4.1028639e+04  2.4422554e+05  4.2487117e+04
   1875.0   1.9609769e+04  4.1415004e+04  2.4651510e+05  4.2886323e+04
   1880.0   1.9792842e+04  4.1804328e+04  2.4882211e+05  4.3288579e+04
   1885.0   1.9977304e+04  4.2196627e+04  2.5114668e+05  4.3693902e+04
   1890.0   2.0163165e+04  4.2591919e+04  2.5348890e+05  4.4102310e+04
   1895.0   2.0350432e+04  4.2990222e+04  2.5584889e+05  4.4513821e+04
   1900.0   2.0539114e+04  4.3391552e+04  2.5822673e+05  4.4928453e+04
   1905.0   2.0729218e+04  4.3795928e+04  2.6062255e+05  4.5346225e+04
   1910.0   2.0920754e+04  4.4203367e+04  2.6303643e+05  4.5767154e+04
   1915.0   2.1113728e+04  4.4613888e+04  2.6546849e+05  4.6191259e+04
   1920.0   2.1308150e+04  4.5027507e+04  2.6791883e+05  4.6618558e+04
   1925.0   2.1504027e+04  4.5444243e+04  2.7038755e+05  4.7049070e+04
   1930.0   2.1701369e+04  4.5864114e+04  2.7287477e+05  4.7482813e+04
   1935.0   2.1900183e+04  4.6287139e+04  2.7538058e+05  4.7919806e+04
   1940.0   2.2100479e+04  4.6713334e+04  2.7790509e+05  4.8360067e+04
   1945.0   2.2302263e+04  4.7142718e+04  2.8044842e+05  4.8803616e+04
   1950.0   2.2505546e+04  4.7575310e+04  2.8301066e+05  4.9250470e+04
   1955.0   2.2710335e+04  4.8011128e+04  2.8559193e+05  4.9700649e+04
   1960.0   2.2916639e+04  4.8450190e+04  2.8819234e+05  5.0154172e+04
   1965.0   2.3124467e+04  4.8892516e+04  2.9081198e+05  5.0611057e+04
   1970.0   2.3333827e+04  4.9338122e+04  2.9345098e+05  5.1071325e+04
   1975.0   2.3544727e+04  4.9787029e+04  2.9610944e+05  5.1534993e+04
   1980.0   2.3757178e+04  5.0239255e+04  2.9878747e+05  5.2002081e+04
   1985.0   2.3971187e+04  5.0694818e+04  3.0148518e+05  5.2472610e+04
   1990.0   2.4186763e+04  5.1153738e+04  3.0420268e+05  5.2946597e+04
   1995.0   2.4403914e+04  5.1616033e+04  3.0694009e+05  5.3424062e+04
   2000.0   2.4622651e+04  5.2081723e+04  3.0969751e+05  5.3905026e+04
   2005.0   2.4842981e+04  5.2550826e+04  3.1247506e+05  5.4389507e+04
   2010.0   2.5064914e+04  5.3023362e+04  3.1527285e+05  5.4877525e+04
   2015.0   2.5288458e+04  5.3499350e+04  3.1809099e+05  5.5369101e+04
   2020.0   2.5513623e+04  5.3978809e+04  3.2092959e+05  5.5864253e+04
   2025.0   2.5740417e+04  5.4461759e+04  3.2378878e+05  5.6363003e+04
   2030.0   2.5968849e+04  5.4948219e+04  3.2666866e+05  5.6865369e+04
   2035.0   2.6198929e+04  5.5438209e+04  3.2956935e+05  5.7371372e+04
   2040.0   2.6430666e+04  5.5931748e+04  3.3249097e+05  5.7881032e+04
   2045.0   2.6664068e+04  5.6428856e+04  3.3543362e+05  5.8394370e+04
   2050.0   2.6899146e+04  5.6929553e+04  3.3839743e+05  5.8911405e+04
   2055.0   2.7135908e+04  5.7433858e+04  3.4138251e+05  5.9432158e+04
   2060.0   2.7374363e+04  5.7941792e+04  3.4438899e+05  5.9956650e+04
   2065.0   2.7614521e+04  5.8453374e+04  3.4741696e+05  6.0484901e+04
   2070.0   2.7856391e+04  5.8968625e+04  3.5046656e+05  6.1016931e+04
   2075.0   2.8099983e+04  5.9487565e+04  3.5353791e+05  6.1552762e+04
   2080.0   2.8345305e+04  6.0010213e+04  3.5663111e+05  6.2092414e+04
   2085.0   2.8592368e+04  6.0536591e+04  3.5974630e+05  6.2635908e+04
   2090.0   2.8841181e+04  6.1066718e+04  3.6288358e+05  6.3183265e+04
   2095.0   2.9091752e+04  6.1600615e+04  3.6604309e+05  6.3734505e+04
   2100.0   2.9344093e+04  6.2138303e+04  3.6922493e+05  6.4289651e+04
   2105.0   2.9598212e+04  6.2679802e+04  3.7242924e+05  6.4848723e+04
   2110.0   2.9854118e+04  6.3225133e+04  3.7565612e+05  6.5411742e+04
   2115.0   3.0111823e+04  6.3774317e+04  3.7890572e+05  6.5978730e+04
   2120.0   3.0371335e+04  6.4327374e+04  3.8217813e+05  6.6549709e+04
   2125.0   3.0632663e+04  6.4884325e+04  3.8547350e+05  6.7124699e+04
   2130.0   3.0895819e+04  6.5445192e+04  3.8879194e+05  6.7703722e+04
   2135.0   3.1160811e+04  6.6009995e+04  3.9213358e+05  6.8286800e+04
   2140.0   3.1427650e+04  6.6578755e+04  3.9549853e+05  6.8873954e+04
   2145.0   3.1696344e+04  6.7151495e+04  3.9888694e+05  6.9465207e+04
   2150.0   3.1966905e+04  6.7728235e+04  4.0229891e+05  7.0060580e+04
   2155.0   3.2239342e+04  6.8308996e+04  4.0573457e+05  7.0660095e+04
   2160.0   3.2513666e+04  6.8893800e+04  4.0919406e+05  7.1263775e+04
   2165.0   3.2789885e+04  6.9482668e+04  4.1267749e+05  7.1871641e+04
   2170.0   3.3068010e+04  7.0075623e+04  4.1618500e+05  7.2483715e+04
   2175.0   3.3348052e+04  7.0672685e+04  4.1971671e+05  7.3100021e+04
   2180.0   3.3630020e+04  7.1273877e+04  4.2327275e+05  7.3720579e+04
   2185.0   3.3913924e+04  7.1879221e+04  4.2685325e+05  7.4345414e+04
   2190.0   3.4199775e+04  7.2488737e+04  4.3045833e+05  7.4974546e+04
   2195.0   3.4487583e+04  7.3102450e+04  4.3408813e+05  7.5608000e+04
   2200.0   3.4777359e+04  7.3720379e+04  4.3774278e+05  7.6245796e+04
   2205.0   3.5069111e+04  7.4342549e+04  4.4142239e+05  7.6887960e+04
   2210.0   3.5362852e+04  7.4968980e+04  4.4512712e+05  7.7534512e+04
   2215.0   3.5658591e+04  7.5599696e+04  4.4885708e+05  7.8185476e+04
   2220.0   3.5956339e+04  7.6234718e+04  4.5261241e+05  7.8840875e+04
   2225.0   3.6256106e+04  7.6874070e+04  4.5639324e+05  7.9500733e+04
   2230.0   3.6557902e+04  7.7517773e+04  4.6019970e+05  8.0165072e+04
   2235.0   3.6861739e+04  7.8165850e+04  4.6403193e+05  8.0833916e+04
   2240.0   3.7167626e+04  7.8818325e+04  4.6789005e+05  8.1507287e+04
   2245.0   3.7475575e+04  7.9475220e+04  4.7177421e+05  8.2185210e+04
   2250.0   3.7785596e+04  8.0136558e+04  4.7568454e+05  8.2867708e+04
   2255.0   3.8097699e+04  8.0802361e+04  4.7962117e+05  8.3554805e+04
   2260.0   3.8411896e+04  8.1472654e+04  4.8358423e+05  8.4246523e+04
   2265.0   3.8728197e+04  8.2147459e+04  4.8757387e+05  8.4942888e+04
   2270.0   3.9046613e+04  8.2826799e+04  4.9159022e+05  8.5643922e+04
   2275.0   3.9367155e+04  8.3510697e+04  4.9563341e+05  8.6349650e+04
   2280.0   3.9689834e+04  8.4199178e+04  4.9970358e+05  8.7060096e+04
   2285.0   4.0014660e+04  8.4892264e+04  5.0380088e+05  8.7775284e+04
   2290.0   4.0341645e+04  8.5589980e+04  5.0792544e+05  8.8495238e+04
   2295.0   4.0670800e+04  8.6292348e+04  5.1207739e+05  8.9219982e+04
   2300.0   4.1002135e+04  8.6999392e+04  5.1625688e+05  8.9949541e+04
   2305.0   4.1335662e+04  8.7711137e+04  5.2046404e+05  9.0683939e+04
   2310.0   4.1671392e+04  8.8427606e+04  5.2469902e+05  9.1423201e+04
   2315.0   4.2009336e+04  8.9148823e+04  5.2896196e+05  9.2167350e+04
   2320.0   4.2349505e+04  8.9874812e+04  5.3325300e+05  9.2916413e+04
   2325.0   4.2691911e+04  9.0605598e+04  5.3757227e+05  9.3670414e+04
   2330.0   4.3036564e+04  9.1341204e+04  5.4191993e+05  9.4429377e+04
   2335.0   4.3383476e+04  9.2081655e+04  5.4629611e+05  9.5193327e+04
   2340.0   4.3732659e+04  9.2826976e+04  5.5070096e+05  9.5962290e+04
   2345.0   4.4084123e+04  9.3577190e+04  5.5513461e+05  9.6736291e+04
   2350.0   4.4437881e+04  9.4332322e+04  5.5959723e+05  9.7515354e+04
   2355.0   4.4793943e+04  9.5092398e+04  5.6408894e+05  9.8299506e+04
   2360.0   4.5152322e+04  9.5857441e+04  5.6860989e+05  9.9088771e+04
   2365.0   4.5513028e+04  9.6627477e+04  5.7316024e+05  9.9883175e+04
   2370.0   4.5876074e+04  9.7402530e+04  5.7774012e+05  1.0068274e+05
   2375.0   4.6241470e+04  9.8182625e+04  5.8234968e+05  1.0148750e+05
   2380.0   4.6609230e+04  9.8967789e+04  5.8698907e+05  1.0229748e+05
   2385.0   4.6979363e+04  9.9758044e+04  5.9165844e+05  1.0311269e+05
   2390.0   4.7351883e+04  1.0055342e+05  5.9635793e+05  1.0393318e+05
   2395.0   4.7726801e+04  1.0135393e+05  6.0108769e+05  1.0475896e+05
   2400.0   4.8104128e+04  1.0215962e+05  6.0584788e+05  1.0559005e+05
   2405.0   4.8483877e+04  1.0297050e+05  6.1063863e+05  1.0642650e+05
   2410.0   4.8866059e+04  1.0378660e+05  6.1546011e+05  1.0726831e+05
   2415.0   4.9250688e+04  1.0460794e+05  6.2031246e+05  1.0811552e+05
   2420.0   4.9637773e+04  1.0543456e+05  6.2519583e+05  1.0896816e+05
   2425.0   5.0027328e+04  1.0626647e+05  6.3011037e+05  1.0982625e+05
   2430.0   5.0419365e+04  1.0710371e+05  6.3505624e+05  1.1068982e+05
   2435.0   5.0813896e+04  1.0794629e+05  6.4003359e+05  1.1155889e+05
   2440.0   5.1210932e+04  1.0879425e+05  6.4504256e+05  1.1243349e+05
   2445.0   5.1610486e+04  1.0964762e+05  6.5008333e+05  1.1331366e+05
   2450.0   5.2012571e+04  1.1050640e+05  6.5515603e+05  1.1419940e+05
   2455.0   5.2417199e+04  1.1137065e+05  6.6026082e+05  1.1509076e+05
   2460.0   5.2824381e+04  1.1224037e+05  6.6539786e+05  1.1598776e+05
   2465.0   5.3234131e+04  1.1311560e+05  6.7056731e+05  1.1689042e+05
   2470.0   5.3646461e+04  1.1399636e+05  6.7576932e+05  1.1779878e+05
   2475.0   5.4061383e+04  1.1488269e+05  6.8100404e+05  1.1871286e+05
   2480.0   5.4478909e+04  1.1577460e+05  6.8627163e+05  1.1963269e+05
   2485.0   5.4899053e+04  1.1667212e+05  6.9157225e+05  1.2055829e+05
   2490.0   5.5321827e+04  1.1757529e+05  6.9690607e+05  1.2148970e+05
   2495.0   5.5747243e+04  1.1848412e+05  7.0227323e+05  1.2242694e+05
   2500.0   5.6175315e+04  1.1939865e+05  7.0767389e+05  1.2337004e+05
   2505.0   5.6606054e+04  1.2031890e+05  7.1310823e+05  1.2431903e+05
   2510.0   5.7039473e+04  1.2124491e+05  7.1857638e+05  1.2527393e+05
   2515.0   5.7475587e+04  1.2217668e+05  7.2407853e+05  1.2623478e+05
   2520.0   5.7914406e+04  1.2311427e+05  7.2961482e+05  1.2720160e+05
   2525.0   5.8355944e+04  1.2405768e+05  7.3518542e+05  1.2817441e+05
   2530.0   5.8800215e+04  1.2500696e+05  7.4079049e+05  1.2915326e+05
   2535.0   5.9247230e+04  1.2596212e+05  7.4643020e+05  1.3013816e+05
   2540.0   5.9697004e+04  1.2692320e+05  7.5210470e+05  1.3112915e+05
   2545.0   6.0149548e+04  1.2789022e+05  7.5781417e+05  1.3212625e+05
   2550.0   6.0604877e+04  1.2886322e+05  7.6355876e+05  1.3312950e+05
   2555.0   6.1063002e+04  1.2984221e+05  7.6933864e+05  1.3413892e+05
   2560.0   6.1523939e+04  1.3082723e+05  7.7515397e+05  1.3515453e+05
   2565.0   6.1987699e+04  1.3181831e+05  7.8100493e+05  1.3617638e+05
   2570.0   6.2454296e+04  1.3281548e+05  7.8689167e+05  1.3720449e+05
   2575.0   6.2923743e+04  1.3381875e+05  7.9281437e+05  1.3823888e+05
   2580.0   6.3396053e+04  1.3482817e+05  7.9877319e+05  1.3927959e+05
   2585.0   6.3871241e+04  1.3584376e+05  8.0476830e+05  1.4032665e+05
   2590.0   6.4349319e+04  1.3686555e+05  8.1079987e+05  1.4138008e+05
   2595.0   6.4830301e+04  1.3789356e+05  8.1686806e+05  1.4243992e+05
   2600.0   6.5314201e+04  1.3892784e+05  8.2297306e+05  1.4350620e+05
   2605.0   6.5801031e+04  1.3996840e+05  8.2911501e+05  1.4457894e+05
   2610.0   6.6290806e+04  1.4101527e+05  8.3529411e+05  1.4565817e+05
   2615.0   6.6783540e+04  1.4206849e+05  8.4151051e+05  1.4674393e+05
   2620.0   6.7279245e+04  1.4312809e+05  8.4776439e+05  1.4783625e+05
   2625.0   6.7777936e+04  1.4419408e+05  8.5405593e+05  1.4893515e+05
   2630.0   6.8279627e+04  1.4526651e+05  8.6038529e+05  1.5004066e+05
   2635.0   6.8784331e+04  1.4634540e+05  8.6675264e+05  1.5115282e+05
   2640.0   6.9292062e+04  1.4743079e+05  8.7315817e+05  1.5227166e+05
   2645.0   6.9802835e+04  1.4852269e+05  8.7960205e+05  1.5339720e+05
   2650.0   7.0316662e+04  1.4962115e+05  8.8608444e+05  1.5452948e+05
   2655.0   7.0833559e+04  1.5072619e+05  8.9260553e+05  1.5566852e+05
   2660.0   7.1353539e+04  1.5183784e+05  8.9916549e+05  1.5681437e+05
   2665.0   7.1876616e+04  1.5295613e+05  9.0576450e+05  1.5796704e+05
   2670.0   7.2402805e+04  1.5408110e+05  9.1240274e+05  1.5912658e+05
   2675.0   7.2932119e+04  1.5521277e+05  9.1908037e+05  1.6029300e+05
   2680.0   7.3464573e+04  1.5635117e+05  9.2579759e+05  1.6146635e+05
   2685.0   7.4000182e+04  1.5749633e+05  9.3255457e+05  1.6264665e+05
   2690.0   7.4538959e+04  1.5864829e+05  9.3935148e+05  1.6383394e+05
   2695.0   7.5080918e+04  1.5980707e+05  9.4618851e+05  1.6502824e+05
   2700.0   7.5626075e+04  1.6097271e+05  9.5306584e+05  1.6622959e+05
   2705.0   7.6174444e+04  1.6214523e+05  9.5998365e+05  1.6743802e+05
   2710.0   7.6726040e+04  1.6332467e+05  9.6694212e+05  1.6865356e+05
   2715.0   7.7280876e+04  1.6451106e+05  9.7394143e+05  1.6987624e+05
   2720.0   7.7838967e+04  1.6570443e+05  9.8098176e+05  1.7110610e+05
   2725.0   7.8400329e+04  1.6690481e+05  9.8806330e+05  1.7234317e+05
   2730.0   7.8964975e+04  1.6811223e+05  9.9518623e+05  1.7358747e+05
   2735.0   7.9532921e+04  1.6932673e+05  1.0023507e+06  1.7483905e+05
   2740.0   8.0104181e+04  1.7054833e+05  1.0095570e+06  1.7609793e+05
   2745.0   8.0678770e+04  1.7177707e+05  1.0168052e+06  1.7736414e+05
   2750.0   8.1256703e+04  1.7301297e+05  1.0240955e+06  1.7863772e+05
   2755.0   8.1837996e+04  1.7425608e+05  1.0314282e+06  1.7991871e+05
   2760.0   8.2422662e+04  1.7550642e+05  1.0388033e+06  1.8120713e+05
   2765.0   8.3010717e+04  1.7676402e+05  1.0462212e+06  1.8250301e+05
   2770.0   8.3602176e+04  1.7802892e+05  1.0536819e+06  1.8380639e+05
   2775.0   8.4197054e+04  1.7930115e+05  1.0611857e+06  1.8511730e+05
   2780.0   8.4795367e+04  1.8058074e+05  1.0687327e+06  1.8643578e+05
   2785.0   8.5397129e+04  1.8186772e+05  1.0763232e+06  1.8776186e+05
   2790.0   8.6002355e+04  1.8316213e+05  1.0839573e+06  1.8909557e+05
   2795.0   8.6611062e+04  1.8446400e+05  1.0916352e+06  1.9043694e+05
   2800.0   8.7223264e+04  1.8577335e+05  1.0993572e+06  1.9178601e+05
   2805.0   8.7838977e+04  1.8709024e+05  1.1071234e+06  1.9314281e+05
   2810.0   8.8458216e+04  1.8841467e+05  1.1149339e+06  1.9450738e+05
   2815.0   8.9080996e+04  1.8974670e+05  1.1227891e+06  1.9587975e+05
   2820.0   8.9707334e+04  1.9108635e+05  1.1306890e+06  1.9725995e+05
   2825.0   9.0337245e+04  1.9243366e+05  1.1386339e+06  1.9864801e+05
   2830.0   9.0970744e+04  1.9378865e+05  1.1466240e+06  2.0004398e+05
   2835.0   9.1607847e+04  1.9515137e+05  1.1546594e+06  2.0144788e+05
   2840.0   9.2248569e+04  1.9652184e+05  1.1627404e+06  2.0285975e+05
   2845.0   9.2892928e+04  1.9790011e+05  1.1708672e+06  2.0427962e+05
   2850.0   9.3540938e+04  1.9928619e+05  1.1790399e+06  2.0570753e+05
   2855.0   9.4192615e+04  2.0068013e+05  1.1872588e+06  2.0714351e+05
   2860.0   9.4847975e+04  2.0208197e+05  1.1955240e+06  2.0858760e+05
   2865.0   9.5507034e+04  2.0349172e+05  1.2038358e+06  2.1003982e+05
   2870.0   9.6169809e+04  2.0490944e+05  1.2121943e+06  2.1150023e+05
   2875.0   9.6836314e+04  2.0633515e+05  1.2205998e+06  2.1296884e+05
   2880.0   9.7506567e+04  2.0776888e+05  1.2290524e+06  2.1444570e+05
   2885.0   9.8180584e+04  2.0921068e+05  1.2375524e+06  2.1593084e+05
   2890.0   9.8858380e+04  2.1066057e+05  1.2460999e+06  2.1742430e+05
   2895.0   9.9539972e+04  2.1211859e+05  1.2546951e+06  2.1892611e+05
   2900.0   1.0022538e+05  2.1358477e+05  1.2633383e+06  2.2043630e+05
   2905.0   1.0091461e+05  2.1505916e+05  1.2720297e+06  2.2195492e+05
   2910.0   1.0160769e+05  2.1654178e+05  1.2807694e+06  2.2348199e+05
   2915.0   1.0230463e+05  2.1803266e+05  1.2895577e+06  2.2501756e+05
   2920.0   1.0300544e+05  2.1953186e+05  1.2983947e+06  2.2656165e+05
   2925.0   1.0371015e+05  2.2103939e+05  1.3072807e+06  2.2811431e+05
   2930.0   1.0441878e+05  2.2255529e+05  1.3162159e+06  2.2967557e+05
   2935.0   1.0513133e+05  2.2407960e+05  1.3252004e+06  2.3124546e+05
   2940.0   1.0584782e+05  2.2561236e+05  1.3342346e+06  2.3282403e+05
   2945.0   1.0656827e+05  2.2715360e+05  1.3433185e+06  2.3441131e+05
   2950.0   1.0729271e+05  2.2870335e+05  1.3524525e+06  2.3600733e+05
   2955.0   1.0802114e+05  2.3026165e+05  1.3616366e+06  2.3761213e+05
   2960.0   1.0875357e+05  2.3182854e+05  1.3708712e+06  2.3922575e+05
   2965.0   1.0949004e+05  2.3340406e+05  1.3801564e+06  2.4084823e+05
   2970.0   1.1023056e+05  2.3498823e+05  1.3894924e+06  2.4247959e+05
   2975.0   1.1097513e+05  2.3658110e+05  1.3988795e+06  2.4411989e+05
   2980.0   1.1172379e+05  2.3818270e+05  1.4083179e+06  2.4576914e+05
   2985.0   1.1247654e+05  2.3979306e+05  1.4178077e+06  2.4742740e+05
   2990.0   1.1323340e+05  2.4141223e+05  1.4273492e+06  2.4909470e+05
   2995.0   1.1399440e+05  2.4304024e+05  1.4369426e+06  2.5077108e+05
   3000.0   1.1475955e+05  2.4467712e+05  1.4465881e+06  2.5245656e+05
   3005.0   1.1552886e+05  2.4632292e+05  1.4562859e+06  2.5415120e+05
   3010.0   1.1630235e+05  2.4797767e+05  1.4660362e+06  2.5585503e+05
   3015.0   1.1708004e+05  2.4964140e+05  1.4758393e+06  2.5756808e+05
   3020.0   1.1786196e+05  2.5131416e+05  1.4856954e+06  2.5929040e+05
   3025.0   1.1864811e+05  2.5299598e+05  1.4956047e+06  2.6102201e+05
   3030.0   1.1943851e+05  2.5468689e+05  1.5055673e+06  2.6276297e+05
   3035.0   1.2023318e+05  2.5638694e+05  1.5155836e+06  2.6451330e+05
   3040.0   1.2103214e+05  2.5809616e+05  1.5256537e+06  2.6627304e+05
   3045.0   1.2183540e+05  2.5981459e+05  1.5357779e+06  2.6804224e+05
   3050.0   1.2264299e+05  2.6154227e+05  1.5459563e+06  2.6982093e+05
   3055.0   1.2345493e+05  2.6327923e+05  1.5561892e+06  2.7160915e+05
   3060.0   1.2427122e+05  2.6502551e+05  1.5664768e+06  2.7340694e+05
   3065.0   1.2509189e+05  2.6678115e+05  1.5768194e+06  2.7521434e+05
   3070.0   1.2591695e+05  2.6854619e+05  1.5872171e+06  2.7703137e+05
   3075.0   1.2674643e+05  2.7032067e+05  1.5976702e+06  2.7885810e+05
   3080.0   1.2758034e+05  2.7210462e+05  1.6081788e+06  2.8069454e+05
   3085.0   1.2841870e+05  2.7389808e+05  1.6187433e+06  2.8254075e+05
   3090.0   1.2926153e+05  2.7570109e+05  1.6293638e+06  2.8439676e+05
   3095.0   1.3010884e+05  2.7751369e+05  1.6400406e+06  2.8626260e+05
   3100.0   1.3096066e+05  2.7933592e+05  1.6507739e+06  2.8813833e+05
   3105.0   1.3181700e+05  2.8116781e+05  1.6615639e+06  2.9002397e+05
   3110.0   1.3267788e+05  2.8300941e+05  1.6724109e+06  2.9191957e+05
   3115.0   1.3354332e+05  2.8486074e+05  1.6833150e+06  2.9382517e+05
   3120.0   1.3441334e+05  2.8672186e+05  1.6942764e+06  2.9574081e+05
   3125.0   1.3528796e+05  2.8859281e+05  1.7052956e+06  2.9766652e+05
   3130.0   1.3616719e+05  2.9047361e+05  1.7163725e+06  2.9960235e+05
   3135.0   1.3705105e+05  2.9236430e+05  1.7275075e+06  3.0154833e+05
   3140.0   1.3793957e+05  2.9426494e+05  1.7387009e+06  3.0350451e+05
   3145.0   1.3883276e+05  2.9617555e+05  1.7499527e+06  3.0547092e+05
   3150.0   1.3973064e+05  2.9809618e+05  1.7612634e+06  3.0744761e+05
   3155.0   1.4063323e+05  3.0002687e+05  1.7726330e+06  3.0943462e+05
   3160.0   1.4154054e+05  3.0196765e+05  1.7840618e+06  3.1143198e+05
   3165.0   1.4245261e+05  3.0391857e+05  1.7955501e+06  3.1343975e+05
   3170.0   1.4336943e+05  3.0587966e+05  1.8070981e+06  3.1545794e+05
   3175.0   1.4429105e+05  3.0785097e+05  1.8187060e+06  3.1748662e+05
   3180.0   1.4521746e+05  3.0983253e+05  1.8303740e+06  3.1952582e+05
   3185.0   1.4614871e+05  3.1182439e+05  1.8421025e+06  3.2157558e+05
   3190.0   1.4708479e+05  3.1382658e+05  1.8538916e+06  3.2363593e+05
   3195.0   1.4802573e+05  3.1583915e+05  1.8657415e+06  3.2570693e+05
   3200.0   1.4897156e+05  3.1786214e+05  1.8776525e+06  3.2778861e+05
   3205.0   1.4992228e+05  3.1989558e+05  1.8896248e+06  3.2988102e+05
   3210.0   1.5087793e+05  3.2193952e+05  1.9016587e+06  3.3198419e+05
   3215.0   1.5183851e+05  3.2399399e+05  1.9137544e+06  3.3409817e+05
   3220.0   1.5280405e+05  3.2605905e+05  1.9259122e+06  3.3622300e+05
   3225.0   1.5377457e+05  3.2813472e+05  1.9381322e+06  3.3835872e+05
   3230.0   1.5475009e+05  3.3022106e+05  1.9504147e+06  3.4050537e+05
   3235.0   1.5573063e+05  3.3231809e+05  1.9627600e+06  3.4266299e+05
   3240.0   1.5671620e+05  3.3442587e+05  1.9751683e+06  3.4483163e+05
   3245.0   1.5770683e+05  3.3654443e+05  1.9876398e+06  3.4701133e+05
   3250.0   1.5870254e+05  3.3867382e+05  2.0001748e+06  3.4920212e+05
   3255.0   1.5970334e+05  3.4081407e+05  2.0127735e+06  3.5140406e+05
   3260.0   1.6070926e+05  3.4296524e+05  2.0254361e+06  3.5361718e+05
   3265.0   1.6172032e+05  3.4512735e+05  2.0381630e+06  3.5584153e+05
   3270.0   1.6273653e+05  3.4730045e+05  2.0509543e+06  3.5807715e+05
   3275.0   1.6375792e+05  3.4948458e+05  2.0638103e+06  3.6032408e+05
   3280.0   1.6478451e+05  3.5167979e+05  2.0767312e+06  3.6258236e+05
   3285.0   1.6581631e+05  3.5388612e+05  2.0897173e+06  3.6485204e+05
   3290.0   1.6685336e+05  3.5610361e+05  2.1027689e+06  3.6713316e+05
   3295.0   1.6789566e+05  3.5833230e+05  2.1158861e+06  3.6942576e+05
   3300.0   1.6894323e+05  3.6057223e+05  2.1290692e+06  3.7172989e+05
   3305.0   1.6999611e+05  3.6282345e+05  2.1423184e+06  3.7404558e+05
   3310.0   1.7105430e+05  3.6508599e+05  2.1556341e+06  3.7637289e+05
   3315.0   1.7211784e+05  3.6735991e+05  2.1690165e+06  3.7871186e+05
   3320.0   1.7318673e+05  3.6964524e+05  2.1824657e+06  3.8106252e+05
   3325.0   1.7426101e+05  3.7194203e+05  2.1959821e+06  3.8342492e+05
   3330.0   1.7534068e+05  3.7425032e+05  2.2095659e+06  3.8579911e+05
   3335.0   1.7642578e+05  3.7657015e+05  2.2232173e+06  3.8818513e+05
   3340.0   1.7751632e+05  3.7890156e+05  2.2369367e+06  3.9058302e+05
   3345.0   1.7861233e+05  3.8124460e+05  2.2507242e+06  3.9299283e+05
   3350.0   1.7971381e+05  3.8359932e+05  2.2645801e+06  3.9541460e+05
   3355.0   1.8082081e+05  3.8596575e+05  2.2785047e+06  3.9784838e+05
   3360.0   1.8193333e+05  3.8834394e+05  2.2924982e+06  4.0029421e+05
   3365.0   1.8305140e+05  3.9073393e+05  2.3065609e+06  4.0275213e+05
   3370.0   1.8417503e+05  3.9313576e+05  2.3206929e+06  4.0522218e+05
   3375.0   1.8530426e+05  3.9554949e+05  2.3348947e+06  4.0770442e+05
   3380.0   1.8643910e+05  3.9797515e+05  2.3491664e+06  4.1019889e+05
   3385.0   1.8757957e+05  4.0041278e+05  2.3635082e+06  4.1270562e+05
   3390.0   1.8872569e+05  4.0286244e+05  2.3779206e+06  4.1522468e+05
   3395.0   1.8987749e+05  4.0532416e+05  2.3924036e+06  4.1775609e+05
   3400.0   1.9103498e+05  4.0779799e+05  2.4069575e+06  4.2029991e+05
   3405.0   1.9219819e+05  4.1028397e+05  2.4215827e+06  4.2285618e+05
   3410.0   1.9336714e+05  4.1278216e+05  2.4362793e+06  4.2542495e+05
   3415.0   1.9454185e+05  4.1529258e+05  2.4510477e+06  4.2800626e+05
   3420.0   1.9572235e+05  4.1781529e+05  2.4658881e+06  4.3060015e+05
   3425.0   1.9690865e+05  4.2035033e+05  2.4808007e+06  4.3320668e+05
   3430.0   1.9810077e+05  4.2289775e+05  2.4957858e+06  4.3582588e+05
   3435.0   1.9929874e+05  4.2545759e+05  2.5108437e+06  4.3845781e+05
   3440.0   2.0050258e+05  4.2802989e+05  2.5259746e+06  4.4110250e+05
   3445.0   2.0171232e+05  4.3061471e+05  2.5411788e+06  4.4376001e+05
   3450.0   2.0292796e+05  4.3321208e+05  2.5564565e+06  4.4643037e+05
   3455.0   2.0414954e+05  4.3582205e+05  2.5718081e+06  4.4911365e+05
   3460.0   2.0537708e+05  4.3844467e+05  2.5872337e+06  4.5180987e+05
   3465.0   2.0661060e+05  4.4107998e+05  2.6027337e+06  4.5451909e+05
   3470.0   2.0785012e+05  4.4372803e+05  2.6183083e+06  4.5724136e+05
   3475.0   2.0909566e+05  4.4638886e+05  2.6339578e+06  4.5997672e+05
   3480.0   2.1034725e+05  4.4906252e+05  2.6496824e+06  4.6272521e+05
   3485.0   2.1160491e+05  4.5174905e+05  2.6654825e+06  4.6548688e+05
   3490.0   2.1286866e+05  4.5444851e+05  2.6813582e+06  4.6826179e+05
   3495.0   2.1413852e+05  4.5716092e+05  2.6973098e+06  4.7104997e+05
   3500.0   2.1541452e+05  4.5988635e+05  2.7133376e+06  4.7385147e+05
   3505.0   2.1669667e+05  4.6262484e+05  2.7294419e+06  4.7666634e+05
   3510.0   2.1798501e+05  4.6537643e+05  2.7456230e+06  4.7949463e+05
   3515.0   2.1927955e+05  4.6814118e+05  2.7618811e+06  4.8233639e+05
   3520.0   2.2058032e+05  4.7091911e+05  2.7782164e+06  4.8519165e+05
   3525.0   2.2188733e+05  4.7371029e+05  2.7946293e+06  4.8806047e+05
   3530.0   2.2320062e+05  4.7651477e+05  2.8111200e+06  4.9094289e+05
   3535.0   2.2452020e+05  4.7933257e+05  2.8276888e+06  4.9383897e+05
   3540.0   2.2584610e+05  4.8216376e+05  2.8443360e+06  4.9674875e+05
   3545.0   2.2717834e+05  4.8500838e+05  2.8610618e+06  4.9967227e+05
   3550.0   2.2851694e+05  4.8786648e+05  2.8778665e+06  5.0260958e+05
   3555.0   2.2986193e+05  4.9073810e+05  2.8947504e+06  5.0556074e+05
   3560.0   2.3121333e+05  4.9362329e+05  2.9117138e+06  5.0852579e+05
   3565.0   2.3257116e+05  4.9652210e+05  2.9287568e+06  5.1150478e+05
   3570.0   2.3393545e+05  4.9943457e+05  2.9458799e+06  5.1449775e+05
   3575.0   2.3530622e+05  5.0236075e+05  2.9630833e+06  5.1750476e+05
   3580.0   2.3668349e+05  5.0530070e+05  2.9803672e+06  5.2052584e+05
   3585.0   2.3806729e+05  5.0825445e+05  2.9977319e+06  5.2356106e+05
   3590.0   2.3945763e+05  5.1122205e+05  3.0151778e+06  5.2661046e+05
   3595.0   2.4085455e+05  5.1420356e+05  3.0327050e+06  5.2967408e+05
   3600.0   2.4225807e+05  5.1719902e+05  3.0503139e+06  5.3275197e+05
   3605.0   2.4366820e+05  5.2020848e+05  3.0680047e+06  5.3584419e+05
   3610.0   2.4508498e+05  5.2323198e+05  3.0857778e+06  5.3895079e+05
   3615.0   2.4650843e+05  5.2626958e+05  3.1036333e+06  5.4207180e+05
   3620.0   2.4793857e+05  5.2932131e+05  3.1215717e+06  5.4520728e+05
   3625.0   2.4937542e+05  5.3238724e+05  3.1395930e+06  5.4835728e+05
   3630.0   2.5081901e+05  5.3546741e+05  3.1576978e+06  5.5152184e+05
   3635.0   2.5226937e+05  5.3856186e+05  3.1758861e+06  5.5470103e+05
   3640.0   2.5372651e+05  5.4167065e+05  3.1941583e+06  5.5789488e+05
   3645.0   2.5519047e+05  5.4479382e+05  3.2125147e+06  5.6110344e+05
   3650.0   2.5666125e+05  5.4793143e+05  3.2309556e+06  5.6432676e+05
   3655.0   2.5813890e+05  5.5108351e+05  3.2494812e+06  5.6756490e+05
   3660.0   2.5962343e+05  5.5425013e+05  3.2680918e+06  5.7081790e+05
   3665.0   2.6111487e+05  5.5743132e+05  3.2867878e+06  5.7408582e+05
   3670.0   2.6261324e+05  5.6062714e+05  3.3055693e+06  5.7736869e+05
   3675.0   2.6411857e+05  5.6383764e+05  3.3244368e+06  5.8066658e+05
   3680.0   2.6563088e+05  5.6706286e+05  3.3433904e+06  5.8397952e+05
   3685.0   2.6715019e+05  5.7030286e+05  3.3624304e+06  5.8730758e+05
   3690.0   2.6867653e+05  5.7355768e+05  3.3815572e+06  5.9065080e+05
   3695.0   2.7020993e+05  5.7682737e+05  3.4007710e+06  5.9400923e+05
   3700.0   2.7175040e+05  5.8011199e+05  3.4200721e+06  5.9738292e+05
   3705.0   2.7329798e+05  5.8341158e+05  3.4394608e+06  6.0077192e+05
   3710.0   2.7485269e+05  5.8672619e+05  3.4589374e+06  6.0417628e+05
   3715.0   2.7641455e+05  5.9005587e+05  3.4785022e+06  6.0759605e+05
   3720.0   2.7798358e+05  5.9340068e+05  3.4981554e+06  6.1103128e+05
   3725.0   2.7955982e+05  5.9676065e+05  3.5178974e+06  6.1448203e+05
   3730.0   2.8114329e+05  6.0013585e+05  3.5377285e+06  6.1794834e+05
   3735.0   2.8273401e+05  6.0352631e+05  3.5576488e+06  6.2143026e+05
   3740.0   2.8433201e+05  6.0693210e+05  3.5776588e+06  6.2492785e+05
   3745.0   2.8593731e+05  6.1035326e+05  3.5977587e+06  6.2844115e+05
   3750.0   2.8754994e+05  6.1378984e+05  3.6179488e+06  6.3197022e+05
   3755.0   2.8916992e+05  6.1724189e+05  3.6382294e+06  6.3551510e+05
   3760.0   2.9079728e+05  6.2070947e+05  3.6586008e+06  6.3907585e+05
   3765.0   2.9243204e+05  6.2419261e+05  3.6790633e+06  6.4265252e+05
   3770.0   2.9407423e+05  6.2769138e+05  3.6996171e+06  6.4624516e+05
   3775.0   2.9572388e+05  6.3120583e+05  3.7202626e+06  6.4985382e+05
   3780.0   2.9738101e+05  6.3473599e+05  3.7410001e+06  6.5347855e+05
   3785.0   2.9904564e+05  6.3828194e+05  3.7618299e+06  6.5711941e+05
   3790.0   3.0071780e+05  6.4184370e+05  3.7827521e+06  6.6077644e+05
   3795.0   3.0239752e+05  6.4542135e+05  3.8037673e+06  6.6444970e+05
   3800.0   3.0408482e+05  6.4901492e+05  3.8248756e+06  6.6813923e+05
   3805.0   3.0577973e+05  6.5262448e+05  3.8460773e+06  6.7184510e+05
   3810.0   3.0748228e+05  6.5625006e+05  3.8673727e+06  6.7556735e+05
   3815.0   3.0919248e+05  6.5989172e+05  3.8887622e+06  6.7930603e+05
   3820.0   3.1091037e+05  6.6354952e+05  3.9102461e+06  6.8306120e+05
   3825.0   3.1263596e+05  6.6722350e+05  3.9318245e+06  6.8683290e+05
   3830.0   3.1436930e+05  6.7091371e+05  3.9534979e+06  6.9062120e+05
   3835.0   3.1611040e+05  6.7462022e+05  3.9752665e+06  6.9442613e+05
   3840.0   3.1785929e+05  6.7834306e+05  3.9971306e+06  6.9824776e+05
   3845.0   3.1961600e+05  6.8208229e+05  4.0190906e+06  7.0208613e+05
   3850.0   3.2138054e+05  6.8583796e+05  4.0411467e+06  7.0594131e+05
   3855.0   3.2315296e+05  6.8961013e+05  4.0632992e+06  7.0981333e+05
   3860.0   3.2493326e+05  6.9339884e+05  4.0855484e+06  7.1370226e+05
   3865.0   3.2672149e+05  6.9720415e+05  4.1078947e+06  7.1760814e+05
   3870.0   3.2851767e+05  7.0102611e+05  4.1303383e+06  7.2153103e+05
   3875.0   3.3032182e+05  7.0486477e+05  4.1528795e+06  7.2547099e+05
   3880.0   3.3213397e+05  7.0872019e+05  4.1755187e+06  7.2942805e+05
   3885.0   3.3395415e+05  7.1259241e+05  4.1982561e+06  7.3340229e+05
   3890.0   3.3578238e+05  7.1648149e+05  4.2210920e+06  7.3739374e+05
   3895.0   3.3761869e+05  7.2038748e+05  4.2440268e+06  7.4140246e+05
   3900.0   3.3946310e+05  7.2431043e+05  4.2670607e+06  7.4542851e+05
   3905.0   3.4131565e+05  7.2825040e+05  4.2901941e+06  7.4947194e+05
   3910.0   3.4317636e+05  7.3220744e+05  4.3134273e+06  7.5353280e+05
   3915.0   3.4504526e+05  7.3618160e+05  4.3367605e+06  7.5761115e+05
   3920.0   3.4692236e+05  7.4017294e+05  4.3601940e+06  7.6170703e+05
   3925.0   3.4880772e+05  7.4418150e+05  4.3837283e+06  7.6582050e+05
   3930.0   3.5070133e+05  7.4820734e+05  4.4073635e+06  7.6995162e+05
   3935.0   3.5260325e+05  7.5225051e+05  4.4311000e+06  7.7410044e+05
   3940.0   3.5451348e+05  7.5631106e+05  4.4549381e+06  7.7826701e+05
   3945.0   3.5643207e+05  7.6038906e+05  4.4788781e+06  7.8245139e+05
   3950.0   3.5835903e+05  7.6448455e+05  4.5029204e+06  7.8665362e+05
   3955.0   3.6029439e+05  7.6859758e+05  4.5270651e+06  7.9087377e+05
   3960.0   3.6223818e+05  7.7272821e+05  4.5513127e+06  7.9511188e+05
   3965.0   3.6419044e+05  7.7687649e+05  4.5756634e+06  7.9936802e+05
   3970.0   3.6615118e+05  7.8104248e+05  4.6001175e+06  8.0364223e+05
   3975.0   3.6812043e+05  7.8522622e+05  4.6246754e+06  8.0793457e+05
   3980.0   3.7009822e+05  7.8942778e+05  4.6493374e+06  8.1224509e+05
   3985.0   3.7208458e+05  7.9364720e+05  4.6741037e+06  8.1657385e+05
   3990.0   3.7407954e+05  7.9788455e+05  4.6989747e+06  8.2092090e+05
   3995.0   3.7608312e+05  8.0213986e+05  4.7239508e+06  8.2528629e+05
   4000.0   3.7809535e+05  8.0641320e+05  4.7490321e+06  8.2967009e+05
   4005.0   3.8011626e+05  8.1070462e+05  4.7742190e+06  8.3407234e+05
   4010.0   3.8214588e+05  8.1501418e+05  4.7995119e+06  8.3849309e+05
   4015.0   3.8418423e+05  8.1934192e+05  4.8249110e+06  8.4293241e+05
   4020.0   3.8623134e+05  8.2368791e+05  4.8504167e+06  8.4739035e+05
   4025.0   3.8828725e+05  8.2805219e+05  4.8760293e+06  8.5186696e+05
   4030.0   3.9035197e+05  8.3243483e+05  4.9017490e+06  8.5636229e+05
   4035.0   3.9242554e+05  8.3683587e+05  4.9275763e+06  8.6087641e+05
   4040.0   3.9450799e+05  8.4125537e+05  4.9535113e+06  8.6540936e+05
   4045.0   3.9659933e+05  8.4569338e+05  4.9795545e+06  8.6996121e+05
   4050.0   3.9869961e+05  8.5014996e+05  5.0057061e+06  8.7453200e+05
   4055.0   4.0080885e+05  8.5462516e+05  5.0319665e+06  8.7912179e+05
   4060.0   4.0292707e+05  8.5911904e+05  5.0583360e+06  8.8373063e+05
   4065.0   4.0505432e+05  8.6363165e+05  5.0848148e+06  8.8835859e+05
   4070.0   4.0719060e+05  8.6816305e+05  5.1114034e+06  8.9300571e+05
   4075.0   4.0933596e+05  8.7271328e+05  5.1381019e+06  8.9767206e+05
   4080.0   4.1149042e+05  8.7728242e+05  5.1649109e+06  9.0235768e+05
   4085.0   4.1365401e+05  8.8187050e+05  5.1918304e+06  9.0706263e+05
   4090.0   4.1582676e+05  8.8647759e+05  5.2188610e+06  9.1178697e+05
   4095.0   4.1800869e+05  8.9110374e+05  5.2460028e+06  9.1653076e+05
   4100.0   4.2019984e+05  8.9574900e+05  5.2732562e+06  9.2129404e+05
   4105.0   4.2240024e+05  9.0041344e+05  5.3006216e+06  9.2607687e+05
   4110.0   4.2460991e+05  9.0509710e+05  5.3280992e+06  9.3087931e+05
   4115.0   4.2682888e+05  9.0980004e+05  5.3556894e+06  9.3570142e+05
   4120.0   4.2905718e+05  9.1452231e+05  5.3833925e+06  9.4054325e+05
   4125.0   4.3129484e+05  9.1926398e+05  5.4112087e+06  9.4540485e+05
   4130.0   4.3354190e+05  9.2402509e+05  5.4391385e+06  9.5028629e+05
   4135.0   4.3579837e+05  9.2880571e+05  5.4671822e+06  9.5518761e+05
   4140.0   4.3806428e+05  9.3360588e+05  5.4953400e+06  9.6010888e+05
   4145.0   4.4033967e+05  9.3842566e+05  5.5236123e+06  9.6505014e+05
   4150.0   4.4262457e+05  9.4326511e+05  5.5519994e+06  9.7001146e+05
   4155.0   4.4491900e+05  9.4812429e+05  5.5805016e+06  9.7499289e+05
   4160.0   4.4722300e+05  9.5300325e+05  5.6091193e+06  9.7999449e+05
   4165.0   4.4953659e+05  9.5790204e+05  5.6378528e+06  9.8501632e+05
   4170.0   4.5185980e+05  9.6282072e+05  5.6667023e+06  9.9005842e+05
   4175.0   4.5419266e+05  9.6775934e+05  5.6956683e+06  9.9512086e+05
   4180.0   4.5653521e+05  9.7271797e+05  5.7247510e+06  1.0002037e+06
   4185.0   4.5888746e+05  9.7769666e+05  5.7539507e+06  1.0053070e+06
   4190.0   4.6124946e+05  9.8269546e+05  5.7832679e+06  1.0104307e+06
   4195.0   4.6362122e+05  9.8771443e+05  5.8127028e+06  1.0155751e+06
   4200.0   4.6600279e+05  9.9275363e+05  5.8422557e+06  1.0207401e+06
   4205.0   4.6839418e+05  9.9781311e+05  5.8719269e+06  1.0259257e+06
   4210.0   4.7079543e+05  1.0028929e+06  5.9017168e+06  1.0311321e+06
   4215.0   4.7320658e+05  1.0079931e+06  5.9316258e+06  1.0363592e+06
   4220.0   4.7562764e+05  1.0131138e+06  5.9616541e+06  1.0416072e+06
   4225.0   4.7805864e+05  1.0182550e+06  5.9918020e+06  1.0468761e+06
   4230.0   4.8049963e+05  1.0234167e+06  6.0220699e+06  1.0521660e+06
   4235.0   4.8295063e+05  1.0285991e+06  6.0524581e+06  1.0574768e+06
   4240.0   4.8541166e+05  1.0338021e+06  6.0829670e+06  1.0628088e+06
   4245.0   4.8788276e+05  1.0390258e+06  6.1135968e+06  1.0681618e+06
   4250.0   4.9036396e+05  1.0442704e+06  6.1443479e+06  1.0735361e+06
   4255.0   4.9285529e+05  1.0495358e+06  6.1752206e+06  1.0789316e+06
   4260.0   4.9535677e+05  1.0548221e+06  6.2062153e+06  1.0843484e+06
   4265.0   4.9786845e+05  1.0601293e+06  6.2373322e+06  1.0897865e+06
   4270.0   5.0039034e+05  1.0654576e+06  6.2685717e+06  1.0952461e+06
   4275.0   5.0292248e+05  1.0708069e+06  6.2999342e+06  1.1007271e+06
   4280.0   5.0546491e+05  1.0761774e+06  6.3314199e+06  1.1062296e+06
   4285.0   5.0801764e+05  1.0815691e+06  6.3630291e+06  1.1117538e+06
   4290.0   5.1058071e+05  1.0869820e+06  6.3947623e+06  1.1172996e+06
   4295.0   5.1315416e+05  1.0924162e+06  6.4266197e+06  1.1228670e+06
   4300.0   5.1573800e+05  1.0978717e+06  6.4586017e+06  1.1284563e+06
   4305.0   5.1833228e+05  1.1033487e+06  6.4907085e+06  1.1340673e+06
   4310.0   5.2093702e+05  1.1088471e+06  6.5229406e+06  1.1397002e+06
   4315.0   5.2355225e+05  1.1143671e+06  6.5552982e+06  1.1453551e+06
   4320.0   5.2617801e+05  1.1199086e+06  6.5877818e+06  1.1510319e+06
   4325.0   5.2881432e+05  1.1254718e+06  6.6203915e+06  1.1567307e+06
   4330.0   5.3146122e+05  1.1310567e+06  6.6531277e+06  1.1624517e+06
   4335.0   5.3411873e+05  1.1366633e+06  6.6859909e+06  1.1681948e+06
   4340.0   5.3678690e+05  1.1422918e+06  6.7189812e+06  1.1739602e+06
   4345.0   5.3946573e+05  1.1479421e+06  6.7520991e+06  1.1797478e+06
   4350.0   5.4215528e+05  1.1536144e+06  6.7853448e+06  1.1855577e+06
   4355.0   5.4485557e+05  1.1593086e+06  6.8187187e+06  1.1913900e+06
   4360.0   5.4756663e+05  1.1650249e+06  6.8522211e+06  1.1972448e+06
   4365.0   5.5028849e+05  1.1707633e+06  6.8858524e+06  1.2031221e+06
   4370.0   5.5302118e+05  1.1765238e+06  6.9196129e+06  1.2090219e+06
   4375.0   5.5576474e+05  1.1823065e+06  6.9535029e+06  1.2149444e+06
   4380.0   5.5851919e+05  1.1881116e+06  6.9875227e+06  1.2208895e+06
   4385.0   5.6128457e+05  1.1939389e+06  7.0216727e+06  1.2268574e+06
   4390.0   5.6406091e+05  1.1997886e+06  7.0559533e+06  1.2328480e+06
   4395.0   5.6684824e+05  1.2056608e+06  7.0903646e+06  1.2388615e+06
   4400.0   5.6964659e+05  1.2115555e+06  7.1249072e+06  1.2448979e+06
   4405.0   5.7245599e+05  1.2174727e+06  7.1595813e+06  1.2509573e+06
   4410.0   5.7527647e+05  1.2234126e+06  7.1943872e+06  1.2570397e+06
   4415.0   5.7810807e+05  1.2293751e+06  7.2293253e+06  1.2631452e+06
   4420.0   5.8095081e+05  1.2353604e+06  7.2643959e+06  1.2692738e+06
   4425.0   5.8380473e+05  1.2413684e+06  7.2995993e+06  1.2754256e+06
   4430.0   5.8666987e+05  1.2473993e+06  7.3349359e+06  1.2816007e+06
   4435.0   5.8954624e+05  1.2534531e+06  7.3704060e+06  1.2877991e+06
   4440.0   5.9243389e+05  1.2595299e+06  7.4060100e+06  1.2940208e+06
   4445.0   5.9533284e+05  1.2656297e+06  7.4417481e+06  1.3002660e+06
   4450.0   5.9824312e+05  1.2717526e+06  7.4776208e+06  1.3065347e+06
   4455.0   6.0116478e+05  1.2778986e+06  7.5136283e+06  1.3128269e+06
   4460.0   6.0409783e+05  1.2840678e+06  7.5497710e+06  1.3191427e+06
   4465.0   6.0704232e+05  1.2902603e+06  7.5860492e+06  1.3254822e+06
   4470.0   6.0999827e+05  1.2964760e+06  7.6224632e+06  1.3318454e+06
   4475.0   6.1296571e+05  1.3027152e+06  7.6590134e+06  1.3382324e+06
   4480.0   6.1594469e+05  1.3089777e+06  7.6957002e+06  1.3446433e+06
   4485.0   6.1893522e+05  1.3152638e+06  7.7325238e+06  1.3510780e+06
   4490.0   6.2193734e+05  1.3215734e+06  7.7694845e+06  1.3575367e+06
   4495.0   6.2495109e+05  1.3279066e+06  7.8065829e+06  1.3640193e+06
   4500.0   6.2797649e+05  1.3342634e+06  7.8438190e+06  1.3705261e+06
   4505.0   6.3101359e+05  1.3406440e+06  7.8811934e+06  1.3770570e+06
   4510.0   6.3406240e+05  1.3470484e+06  7.9187063e+06  1.3836121e+06
   4515.0   6.3712296e+05  1.3534766e+06  7.9563580e+06  1.3901914e+06
   4520.0   6.4019531e+05  1.3599286e+06  7.9941490e+06  1.3967950e+06
   4525.0   6.4327948e+05  1.3664047e+06  8.0320794e+06  1.4034230e+06
   4530.0   6.4637549e+05  1.3729047e+06  8.0701498e+06  1.4100754e+06
   4535.0   6.4948339e+05  1.3794288e+06  8.1083604e+06  1.4167523e+06
   4540.0   6.5260320e+05  1.3859771e+06  8.1467115e+06  1.4234537e+06
   4545.0   6.5573496e+05  1.3925495e+06  8.1852035e+06  1.4301798e+06
   4550.0   6.5887869e+05  1.3991462e+06  8.2238367e+06  1.4369305e+06
   4555.0   6.6203444e+05  1.4057671e+06  8.2626115e+06  1.4437059e+06
   4560.0   6.6520223e+05  1.4124124e+06  8.3015281e+06  1.4505060e+06
   4565.0   6.6838210e+05  1.4190822e+06  8.3405870e+06  1.4573310e+06
   4570.0   6.7157408e+05  1.4257764e+06  8.3797884e+06  1.4641809e+06
   4575.0   6.7477820e+05  1.4324951e+06  8.4191328e+06  1.4710558e+06
   4580.0   6.7799450e+05  1.4392385e+06  8.4586204e+06  1.4779556e+06
   4585.0   6.8122300e+05  1.4460065e+06  8.4982515e+06  1.4848805e+06
   4590.0   6.8446374e+05  1.4527992e+06  8.5380266e+06  1.4918306e+06
   4595.0   6.8771676e+05  1.4596167e+06  8.5779459e+06  1.4988058e+06
   4600.0   6.9098208e+05  1.4664590e+06  8.6180098e+06  1.5058063e+06
   4605.0   6.9425974e+05  1.4733262e+06  8.6582186e+06  1.5128320e+06
   4610.0   6.9754977e+05  1.4802183e+06  8.6985727e+06  1.5198832e+06
   4615.0   7.0085220e+05  1.4871354e+06  8.7390723e+06  1.5269597e+06
   4620.0   7.0416708e+05  1.4940776e+06  8.7797179e+06  1.5340617e+06
   4625.0   7.0749442e+05  1.5010449e+06  8.8205098e+06  1.5411893e+06
   4630.0   7.1083427e+05  1.5080374e+06  8.8614483e+06  1.5483424e+06
   4635.0   7.1418665e+05  1.5150552e+06  8.9025337e+06  1.5555212e+06
   4640.0   7.1755161e+05  1.5220982e+06  8.9437664e+06  1.5627258e+06
   4645.0   7.2092916e+05  1.5291666e+06  8.9851467e+06  1.5699561e+06
   4650.0   7.2431935e+05  1.5362604e+06  9.0266750e+06  1.5772122e+06
   4655.0   7.2772222e+05  1.5433796e+06  9.0683516e+06  1.5844942e+06
   4660.0   7.3113778e+05  1.5505244e+06  9.1101768e+06  1.5918021e+06
   4665.0   7.3456608e+05  1.5576948e+06  9.1521510e+06  1.5991361e+06
   4670.0   7.3800715e+05  1.5648909e+06  9.1942745e+06  1.6064961e+06
   4675.0   7.4146102e+05  1.5721126e+06  9.2365476e+06  1.6138823e+06
   4680.0   7.4492772e+05  1.5793601e+06  9.2789708e+06  1.6212946e+06
   4685.0   7.4840730e+05  1.5866334e+06  9.3215442e+06  1.6287332e+06
   4690.0   7.5189977e+05  1.5939326e+06  9.3642683e+06  1.6361980e+06
   4695.0   7.5540519e+05  1.6012578e+06  9.4071434e+06  1.6436893e+06
   4700.0   7.5892357e+05  1.6086090e+06  9.4501698e+06  1.6512069e+06
   4705.0   7.6245495e+05  1.6159862e+06  9.4933480e+06  1.6587510e+06
   4710.0   7.6599937e+05  1.6233895e+06  9.5366781e+06  1.6663217e+06
   4715.0   7.6955687e+05  1.6308190e+06  9.5801605e+06  1.6739189e+06
   4720.0   7.7312746e+05  1.6382747e+06  9.6237957e+06  1.6815428e+06
   4725.0   7.7671119e+05  1.6457568e+06  9.6675839e+06  1.6891934e+06
   4730.0   7.8030809e+05  1.6532651e+06  9.7115254e+06  1.6968708e+06
   4735.0   7.8391820e+05  1.6607999e+06  9.7556206e+06  1.7045750e+06
   4740.0   7.8754154e+05  1.6683612e+06  9.7998699e+06  1.7123061e+06
   4745.0   7.9117816e+05  1.6759490e+06  9.8442736e+06  1.7200642e+06
   4750.0   7.9482808e+05  1.6835634e+06  9.8888319e+06  1.7278492e+06
   4755.0   7.9849134e+05  1.6912044e+06  9.9335454e+06  1.7356614e+06
   4760.0   8.0216797e+05  1.6988721e+06  9.9784142e+06  1.7435006e+06
   4765.0   8.0585801e+05  1.7065666e+06  1.0023439e+07  1.7513670e+06
   4770.0   8.0956149e+05  1.7142879e+06  1.0068619e+07  1.7592607e+06
   4775.0   8.1327845e+05  1.7220361e+06  1.0113956e+07  1.7671817e+06
   4780.0   8.1700891e+05  1.7298112e+06  1.0159450e+07  1.7751300e+06
   4785.0   8.2075292e+05  1.7376134e+06  1.0205101e+07  1.7831057e+06
   4790.0   8.2451050e+05  1.7454425e+06  1.0250909e+07  1.7911089e+06
   4795.0   8.2828170e+05  1.7532988e+06  1.0296875e+07  1.7991397e+06
   4800.0   8.3206654e+05  1.7611823e+06  1.0342999e+07  1.8071980e+06
   4805.0   8.3586505e+05  1.7690930e+06  1.0389282e+07  1.8152840e+06
   4810.0   8.3967728e+05  1.7770310e+06  1.0435723e+07  1.8233977e+06
   4815.0   8.4350326e+05  1.7849964e+06  1.0482323e+07  1.8315392e+06
   4820.0   8.4734302e+05  1.7929891e+06  1.0529083e+07  1.8397085e+06
   4825.0   8.5119659e+05  1.8010094e+06  1.0576003e+07  1.8479057e+06
   4830.0   8.5506401e+05  1.8090571e+06  1.0623082e+07  1.8561308e+06
   4835.0   8.5894532e+05  1.8171324e+06  1.0670322e+07  1.8643839e+06
   4840.0   8.6284054e+05  1.8252354e+06  1.0717723e+07  1.8726651e+06
   4845.0   8.6674972e+05  1.8333661e+06  1.0765285e+07  1.8809745e+06
   4850.0   8.7067288e+05  1.8415245e+06  1.0813009e+07  1.8893120e+06
   4855.0   8.7461006e+05  1.8497108e+06  1.0860894e+07  1.8976777e+06
   4860.0   8.7856130e+05  1.8579249e+06  1.0908942e+07  1.9060717e+06
   4865.0   8.8252662e+05  1.8661670e+06  1.0957152e+07  1.9144941e+06
   4870.0   8.8650607e+05  1.8744371e+06  1.1005524e+07  1.9229449e+06
   4875.0   8.9049968e+05  1.8827352e+06  1.1054060e+07  1.9314242e+06
   4880.0   8.9450748e+05  1.8910614e+06  1.1102759e+07  1.9399320e+06
   4885.0   8.9852950e+05  1.8994158e+06  1.1151623e+07  1.9484684e+06
   4890.0   9.0256579e+05  1.9077985e+06  1.1200650e+07  1.9570335e+06
   4895.0   9.0661637e+05  1.9162094e+06  1.1249842e+07  1.9656272e+06
   4900.0   9.1068129e+05  1.9246487e+06  1.1299198e+07  1.9742498e+06
   4905.0   9.1476057e+05  1.9331163e+06  1.1348720e+07  1.9829011e+06
   4910.0   9.1885424e+05  1.9416125e+06  1.1398408e+07  1.9915813e+06
   4915.0   9.2296235e+05  1.9501371e+06  1.1448261e+07  2.0002905e+06
   4920.0   9.2708493e+05  1.9586904e+06  1.1498280e+07  2.0090287e+06
   4925.0   9.3122202e+05  1.9672722e+06  1.1548466e+07  2.0177959e+06
   4930.0   9.3537364e+05  1.9758828e+06  1.1598818e+07  2.0265923e+06
   4935.0   9.3953983e+05  1.9845221e+06  1.1649338e+07  2.0354178e+06
   4940.0   9.4372063e+05  1.9931903e+06  1.1700026e+07  2.0442725e+06
   4945.0   9.4791607e+05  2.0018873e+06  1.1750881e+07  2.0531566e+06
   4950.0   9.5212619e+05  2.0106132e+06  1.1801904e+07  2.0620700e+06
   4955.0   9.5635102e+05  2.0193682e+06  1.1853096e+07  2.0710128e+06
   4960.0   9.6059060e+05  2.0281521e+06  1.1904457e+07  2.0799850e+06
   4965.0   9.6484495e+05  2.0369652e+06  1.1955987e+07  2.0889868e+06
   4970.0   9.6911413e+05  2.0458075e+06  1.2007686e+07  2.0980182e+06
   4975.0   9.7339815e+05  2.0546790e+06  1.2059556e+07  2.1070792e+06
   4980.0   9.7769706e+05  2.0635797e+06  1.2111595e+07  2.1161700e+06
   4985.0   9.8201088e+05  2.0725098e+06  1.2163805e+07  2.1252904e+06
   4990.0   9.8633967e+05  2.0814693e+06  1.2216186e+07  2.1344407e+06
   4995.0   9.9068344e+05  2.0904582e+06  1.2268738e+07  2.1436209e+06
   5000.0   9.9504224e+05  2.0994767e+06  1.2321462e+07  2.1528310e+06
   5005.0   9.9941609e+05  2.1085247e+06  1.2374357e+07  2.1620711e+06
   5010.0   1.0038050e+06  2.1176024e+06  1.2427425e+07  2.1713412e+06
   5015.0   1.0082091e+06  2.1267097e+06  1.2480665e+07  2.1806414e+06
   5020.0   1.0126284e+06  2.1358468e+06  1.2534078e+07  2.1899718e+06
   5025.0   1.0170628e+06  2.1450137e+06  1.2587664e+07  2.1993325e+06
   5030.0   1.0215125e+06  2.1542105e+06  1.2641424e+07  2.2087234e+06
   5035.0   1.0259774e+06  2.1634371e+06  1.2695358e+07  2.2181446e+06
   5040.0   1.0304577e+06  2.1726938e+06  1.2749466e+07  2.2275962e+06
   5045.0   1.0349533e+06  2.1819805e+06  1.2803748e+07  2.2370783e+06
   5050.0   1.0394643e+06  2.1912973e+06  1.2858205e+07  2.2465909e+06
   5055.0   1.0439906e+06  2.2006442e+06  1.2912838e+07  2.2561341e+06
   5060.0   1.0485325e+06  2.2100213e+06  1.2967646e+07  2.2657079e+06
   5065.0   1.0530898e+06  2.2194288e+06  1.3022630e+07  2.2753124e+06
   5070.0   1.0576626e+06  2.2288665e+06  1.3077789e+07  2.2849476e+06
   5075.0   1.0622509e+06  2.2383346e+06  1.3133126e+07  2.2946136e+06
   5080.0   1.0668549e+06  2.2478332e+06  1.3188639e+07  2.3043105e+06
   5085.0   1.0714745e+06  2.2573622e+06  1.3244330e+07  2.3140383e+06
   5090.0   1.0761097e+06  2.2669218e+06  1.3300198e+07  2.3237971e+06
   5095.0   1.0807606e+06  2.2765121e+06  1.3356244e+07  2.3335869e+06
   5100.0   1.0854273e+06  2.2861330e+06  1.3412468e+07  2.3434077e+06
   5105.0   1.0901097e+06  2.2957846e+06  1.3468870e+07  2.3532598e+06
   5110.0   1.0948079e+06  2.3054670e+06  1.3525452e+07  2.3631430e+06
   5115.0   1.0995219e+06  2.3151803e+06  1.3582212e+07  2.3730575e+06
   5120.0   1.1042518e+06  2.3249244e+06  1.3639152e+07  2.3830033e+06
   5125.0   1.1089976e+06  2.3346996e+06  1.3696272e+07  2.3929805e+06
   5130.0   1.1137594e+06  2.3445057e+06  1.3753572e+07  2.4029891e+06
   5135.0   1.1185371e+06  2.3543429e+06  1.3811053e+07  2.4130292e+06
   5140.0   1.1233308e+06  2.3642112e+06  1.3868714e+07  2.4231009e+06
   5145.0   1.1281406e+06  2.3741108e+06  1.3926556e+07  2.4332041e+06
   5150.0   1.1329664e+06  2.3840415e+06  1.3984580e+07  2.4433390e+06
   5155.0   1.1378084e+06  2.3940036e+06  1.4042786e+07  2.4535057e+06
   5160.0   1.1426665e+06  2.4039971e+06  1.4101174e+07  2.4637041e+06
   5165.0   1.1475408e+06  2.4140219e+06  1.4159744e+07  2.4739343e+06
   5170.0   1.1524313e+06  2.4240783e+06  1.4218497e+07  2.4841964e+06
   5175.0   1.1573381e+06  2.4341661e+06  1.4277433e+07  2.4944905e+06
   5180.0   1.1622611e+06  2.4442856e+06  1.4336553e+07  2.5048166e+06
   5185.0   1.1672005e+06  2.4544367e+06  1.4395856e+07  2.5151747e+06
   5190.0   1.1721563e+06  2.4646195e+06  1.4455344e+07  2.5255650e+06
   5195.0   1.1771284e+06  2.4748340e+06  1.4515015e+07  2.5359874e+06
   5200.0   1.1821170e+06  2.4850804e+06  1.4574872e+07  2.5464421e+06
   5205.0   1.1871221e+06  2.4953587e+06  1.4634914e+07  2.5569290e+06
   5210.0   1.1921436e+06  2.5056689e+06  1.4695141e+07  2.5674483e+06
   5215.0   1.1971817e+06  2.5160110e+06  1.4755553e+07  2.5780000e+06
   5220.0   1.2022364e+06  2.5263852e+06  1.4816152e+07  2.5885841e+06
   5225.0   1.2073077e+06  2.5367916e+06  1.4876937e+07  2.5992008e+06
   5230.0   1.2123956e+06  2.5472300e+06  1.4937909e+07  2.6098500e+06
   5235.0   1.2175002e+06  2.5577007e+06  1.4999068e+07  2.6205318e+06
   5240.0   1.2226215e+06  2.5682037e+06  1.5060414e+07  2.6312464e+06
   5245.0   1.2277596e+06  2.5787390e+06  1.5121948e+07  2.6419937e+06
   5250.0   1.2329145e+06  2.5893067e+06  1.5183670e+07  2.6527737e+06
   5255.0   1.2380862e+06  2.5999068e+06  1.5245580e+07  2.6635866e+06
   5260.0   1.2432747e+06  2.6105394e+06  1.5307679e+07  2.6744325e+06
   5265.0   1.2484802e+06  2.6212046e+06  1.5369967e+07  2.6853113e+06
   5270.0   1.2537025e+06  2.6319023e+06  1.5432444e+07  2.6962231e+06
   5275.0   1.2589419e+06  2.6426328e+06  1.5495110e+07  2.7071679e+06
   5280.0   1.2641982e+06  2.6533960e+06  1.5557967e+07  2.7181460e+06
   5285.0   1.2694716e+06  2.6641919e+06  1.5621014e+07  2.7291572e+06
   5290.0   1.2747620e+06  2.6750207e+06  1.5684251e+07  2.7402016e+06
   5295.0   1.2800696e+06  2.6858824e+06  1.5747679e+07  2.7512794e+06
   5300.0   1.2853943e+06  2.6967770e+06  1.5811299e+07  2.7623905e+06
   5305.0   1.2907362e+06  2.7077046e+06  1.5875110e+07  2.7735350e+06
   5310.0   1.2960953e+06  2.7186653e+06  1.5939113e+07  2.7847130e+06
   5315.0   1.3014716e+06  2.7296591e+06  1.6003308e+07  2.7959245e+06
   5320.0   1.3068652e+06  2.7406861e+06  1.6067695e+07  2.8071696e+06
   5325.0   1.3122762e+06  2.7517463e+06  1.6132276e+07  2.8184483e+06
   5330.0   1.3177045e+06  2.7628398e+06  1.6197049e+07  2.8297607e+06
   5335.0   1.3231502e+06  2.7739666e+06  1.6262016e+07  2.8411069e+06
   5340.0   1.3286133e+06  2.7851268e+06  1.6327177e+07  2.8524868e+06
   5345.0   1.3340939e+06  2.7963205e+06  1.6392532e+07  2.8639006e+06
   5350.0   1.3395920e+06  2.8075476e+06  1.6458081e+07  2.8753483e+06
   5355.0   1.3451076e+06  2.8188084e+06  1.6523825e+07  2.8868300e+06
   5360.0   1.3506408e+06  2.8301027e+06  1.6589764e+07  2.8983457e+06
   5365.0   1.3561916e+06  2.8414308e+06  1.6655898e+07  2.9098955e+06
   5370.0   1.3617601e+06  2.8527925e+06  1.6722228e+07  2.9214795e+06
   5375.0   1.3673462e+06  2.8641880e+06  1.6788754e+07  2.9330976e+06
   5380.0   1.3729500e+06  2.8756174e+06  1.6855477e+07  2.9447499e+06
   5385.0   1.3785716e+06  2.8870807e+06  1.6922395e+07  2.9564366e+06
   5390.0   1.3842110e+06  2.8985779e+06  1.6989511e+07  2.9681576e+06
   5395.0   1.3898682e+06  2.9101091e+06  1.7056824e+07  2.9799130e+06
   5400.0   1.3955432e+06  2.9216744e+06  1.7124335e+07  2.9917028e+06
   5405.0   1.4012361e+06  2.9332738e+06  1.7192044e+07  3.0035272e+06
   5410.0   1.4069470e+06  2.9449074e+06  1.7259951e+07  3.0153862e+06
   5415.0   1.4126758e+06  2.9565752e+06  1.7328056e+07  3.0272797e+06
   5420.0   1.4184227e+06  2.9682772e+06  1.7396360e+07  3.0392080e+06
   5425.0   1.4241875e+06  2.9800136e+06  1.7464863e+07  3.0511710e+06
   5430.0   1.4299704e+06  2.9917844e+06  1.7533566e+07  3.0631688e+06
   5435.0   1.4357715e+06  3.0035897e+06  1.7602469e+07  3.0752014e+06
   5440.0   1.4415906e+06  3.0154294e+06  1.7671571e+07  3.0872689e+06
   5445.0   1.4474280e+06  3.0273037e+06  1.7740874e+07  3.0993714e+06
   5450.0   1.4532835e+06  3.0392126e+06  1.7810378e+07  3.1115089e+06
   5455.0   1.4591574e+06  3.0511561e+06  1.7880082e+07  3.1236815e+06
   5460.0   1.4650494e+06  3.0631344e+06  1.7949988e+07  3.1358891e+06
   5465.0   1.4709599e+06  3.0751475e+06  1.8020096e+07  3.1481319e+06
   5470.0   1.4768886e+06  3.0871953e+06  1.8090406e+07  3.1604100e+06
   5475.0   1.4828358e+06  3.0992781e+06  1.8160918e+07  3.1727233e+06
   5480.0   1.4888014e+06  3.1113958e+06  1.8231632e+07  3.1850720e+06
   5485.0   1.4947854e+06  3.1235484e+06  1.8302549e+07  3.1974560e+06
   5490.0   1.5007879e+06  3.1357361e+06  1.8373670e+07  3.2098755e+06
   5495.0   1.5068090e+06  3.1479589e+06  1.8444994e+07  3.2223305e+06
   5500.0   1.5128486e+06  3.1602169e+06  1.8516522e+07  3.2348210e+06
   5505.0   1.5189069e+06  3.1725101e+06  1.8588254e+07  3.2473471e+06
   5510.0   1.5249838e+06  3.1848385e+06  1.8660190e+07  3.2599089e+06
   5515.0   1.5310793e+06  3.1972022e+06  1.8732331e+07  3.2725063e+06
   5520.0   1.5371936e+06  3.2096013e+06  1.8804677e+07  3.2851396e+06
   5525.0   1.5433266e+06  3.2220358e+06  1.8877228e+07  3.2978086e+06
   5530.0   1.5494784e+06  3.2345058e+06  1.8949985e+07  3.3105135e+06
   5535.0   1.5556490e+06  3.2470113e+06  1.9022948e+07  3.3232544e+06
   5540.0   1.5618385e+06  3.2595524e+06  1.9096118e+07  3.3360312e+06
   5545.0   1.5680468e+06  3.2721291e+06  1.9169494e+07  3.3488440e+06
   5550.0   1.5742741e+06  3.2847415e+06  1.9243076e+07  3.3616929e+06
   5555.0   1.5805203e+06  3.2973897e+06  1.9316866e+07  3.3745779e+06
   5560.0   1.5867855e+06  3.3100736e+06  1.9390863e+07  3.3874991e+06
   5565.0   1.5930698e+06  3.3227934e+06  1.9465069e+07  3.4004566e+06
   5570.0   1.5993731e+06  3.3355491e+06  1.9539482e+07  3.4134503e+06
   5575.0   1.6056955e+06  3.3483407e+06  1.9614103e+07  3.4264804e+06
   5580.0   1.6120371e+06  3.3611684e+06  1.9688934e+07  3.4395469e+06
   5585.0   1.6183978e+06  3.3740321e+06  1.9763973e+07  3.4526498e+06
   5590.0   1.6247778e+06  3.3869319e+06  1.9839221e+07  3.4657892e+06
   5595.0   1.6311770e+06  3.3998678e+06  1.9914679e+07  3.4789652e+06
   5600.0   1.6375954e+06  3.4128400e+06  1.9990347e+07  3.4921777e+06
   5605.0   1.6440332e+06  3.4258485e+06  2.0066226e+07  3.5054270e+06
   5610.0   1.6504903e+06  3.4388933e+06  2.0142314e+07  3.5187129e+06
   5615.0   1.6569668e+06  3.4519744e+06  2.0218614e+07  3.5320356e+06
   5620.0   1.6634628e+06  3.4650920e+06  2.0295124e+07  3.5453951e+06
   5625.0   1.6699781e+06  3.4782460e+06  2.0371846e+07  3.5587915e+06
   5630.0   1.6765130e+06  3.4914366e+06  2.0448780e+07  3.5722248e+06
   5635.0   1.6830674e+06  3.5046638e+06  2.0525926e+07  3.5856950e+06
   5640.0   1.6896414e+06  3.5179276e+06  2.0603283e+07  3.5992023e+06
   5645.0   1.6962350e+06  3.5312281e+06  2.0680854e+07  3.6127466e+06
   5650.0   1.7028482e+06  3.5445653e+06  2.0758637e+07  3.6263281e+06
   5655.0   1.7094810e+06  3.5579393e+06  2.0836634e+07  3.6399467e+06
   5660.0   1.7161336e+06  3.5713502e+06  2.0914844e+07  3.6536026e+06
   5665.0   1.7228059e+06  3.5847979e+06  2.0993268e+07  3.6672957e+06
   5670.0   1.7294980e+06  3.5982826e+06  2.1071905e+07  3.6810262e+06
   5675.0   1.7362099e+06  3.6118043e+06  2.1150757e+07  3.6947940e+06
   5680.0   1.7429416e+06  3.6253631e+06  2.1229824e+07  3.7085993e+06
   5685.0   1.7496932e+06  3.6389589e+06  2.1309106e+07  3.7224420e+06
   5690.0   1.7564647e+06  3.6525919e+06  2.1388603e+07  3.7363223e+06
   5695.0   1.7632562e+06  3.6662621e+06  2.1468315e+07  3.7502402e+06
   5700.0   1.7700677e+06  3.6799696e+06  2.1548244e+07  3.7641957e+06
   5705.0   1.7768992e+06  3.6937144e+06  2.1628388e+07  3.7781889e+06
   5710.0   1.7837507e+06  3.7074965e+06  2.1708749e+07  3.7922198e+06
   5715.0   1.7906224e+06  3.7213160e+06  2.1789326e+07  3.8062885e+06
   5720.0   1.7975141e+06  3.7351730e+06  2.1870121e+07  3.8203950e+06
   5725.0   1.8044260e+06  3.7490675e+06  2.1951132e+07  3.8345394e+06
   5730.0   1.8113582e+06  3.7629996e+06  2.2032362e+07  3.8487218e+06
   5735.0   1.8183105e+06  3.7769692e+06  2.2113809e+07  3.8629422e+06
   5740.0   1.8252831e+06  3.7909766e+06  2.2195474e+07  3.8772005e+06
   5745.0   1.8322761e+06  3.8050216e+06  2.2277358e+07  3.8914970e+06
   5750.0   1.8392893e+06  3.8191044e+06  2.2359460e+07  3.9058316e+06
   5755.0   1.8463229e+06  3.8332251e+06  2.2441782e+07  3.9202044e+06
   5760.0   1.8533770e+06  3.8473835e+06  2.2524322e+07  3.9346154e+06
   5765.0   1.8604515e+06  3.8615799e+06  2.2607083e+07  3.9490648e+06
   5770.0   1.8675464e+06  3.8758143e+06  2.2690063e+07  3.9635524e+06
   5775.0   1.8746619e+06  3.8900867e+06  2.2773263e+07  3.9780785e+06
   5780.0   1.8817979e+06  3.9043971e+06  2.2856684e+07  3.9926429e+06
   5785.0   1.8889545e+06  3.9187457e+06  2.2940325e+07  4.0072459e+06
   5790.0   1.8961318e+06  3.9331324e+06  2.3024188e+07  4.0218874e+06
   5795.0   1.9033296e+06  3.9475574e+06  2.3108272e+07  4.0365675e+06
   5800.0   1.9105482e+06  3.9620206e+06  2.3192577e+07  4.0512862e+06
   5805.0   1.9177875e+06  3.9765221e+06  2.3277104e+07  4.0660436e+06
   5810.0   1.9250475e+06  3.9910620e+06  2.3361853e+07  4.0808397e+06
   5815.0   1.9323284e+06  4.0056403e+06  2.3446825e+07  4.0956746e+06
   5820.0   1.9396300e+06  4.0202571e+06  2.3532019e+07  4.1105484e+06
   5825.0   1.9469526e+06  4.0349123e+06  2.3617437e+07  4.1254610e+06
   5830.0   1.9542960e+06  4.0496062e+06  2.3703077e+07  4.1404125e+06
   5835.0   1.9616603e+06  4.0643386e+06  2.3788942e+07  4.1554030e+06
   5840.0   1.9690457e+06  4.0791097e+06  2.3875030e+07  4.1704326e+06
   5845.0   1.9764520e+06  4.0939195e+06  2.3961342e+07  4.1855012e+06
   5850.0   1.9838794e+06  4.1087681e+06  2.4047878e+07  4.2006089e+06
   5855.0   1.9913278e+06  4.1236555e+06  2.4134639e+07  4.2157558e+06
   5860.0   1.9987973e+06  4.1385817e+06  2.4221625e+07  4.2309420e+06
   5865.0   2.0062880e+06  4.1535469e+06  2.4308837e+07  4.2461673e+06
   5870.0   2.0137999e+06  4.1685510e+06  2.4396273e+07  4.2614320e+06
   5875.0   2.0213329e+06  4.1835941e+06  2.4483936e+07  4.2767361e+06
   5880.0   2.0288872e+06  4.1986762e+06  2.4571824e+07  4.2920796e+06
   5885.0   2.0364628e+06  4.2137974e+06  2.4659939e+07  4.3074625e+06
   5890.0   2.0440597e+06  4.2289578e+06  2.4748281e+07  4.3228850e+06
   5895.0   2.0516780e+06  4.2441574e+06  2.4836849e+07  4.3383469e+06
   5900.0   2.0593176e+06  4.2593962e+06  2.4925644e+07  4.3538485e+06
   5905.0   2.0669787e+06  4.2746744e+06  2.5014667e+07  4.3693898e+06
   5910.0   2.0746612e+06  4.2899918e+06  2.5103918e+07  4.3849707e+06
   5915.0   2.0823652e+06  4.3053487e+06  2.5193396e+07  4.4005914e+06
   5920.0   2.0900907e+06  4.3207449e+06  2.5283103e+07  4.4162519e+06
   5925.0   2.0978378e+06  4.3361807e+06  2.5373038e+07  4.4319522e+06
   5930.0   2.1056064e+06  4.3516560e+06  2.5463202e+07  4.4476923e+06
   5935.0   2.1133967e+06  4.3671709e+06  2.5553595e+07  4.4634725e+06
   5940.0   2.1212087e+06  4.3827254e+06  2.5644218e+07  4.4792926e+06
   5945.0   2.1290423e+06  4.3983195e+06  2.5735070e+07  4.4951527e+06
   5950.0   2.1368977e+06  4.4139534e+06  2.5826151e+07  4.5110529e+06
   5955.0   2.1447748e+06  4.4296271e+06  2.5917463e+07  4.5269932e+06
   5960.0   2.1526738e+06  4.4453405e+06  2.6009005e+07  4.5429737e+06
   5965.0   2.1605945e+06  4.4610938e+06  2.6100778e+07  4.5589944e+06
   5970.0   2.1685371e+06  4.4768871e+06  2.6192782e+07  4.5750553e+06
   5975.0   2.1765017e+06  4.4927203e+06  2.6285017e+07  4.5911566e+06
   5980.0   2.1844881e+06  4.5085935e+06  2.6377484e+07  4.6072982e+06
   5985.0   2.1924965e+06  4.5245067e+06  2.6470182e+07  4.6234802e+06
   5990.0   2.2005270e+06  4.5404600e+06  2.6563112e+07  4.6397026e+06
   5995.0   2.2085794e+06  4.5564535e+06  2.6656274e+07  4.6559655e+06
   6000.0   2.2166540e+06  4.5724872e+06  2.6749669e+07  4.6722690e+06
